
3			2			-2 2
10			9			11 1
15			15			8 15
12			8			7 12
13			12			12 13
8			4			8 8
8			3			4 8
11			11			4 11
13			9			13 13
14			13			9 14
9			-2			3 9
11			6			7 11
7			3			3 7
10			5			3 10
8			2			4 8
13			5			11 13
9			1			8 9
11			5			6 11
9			3			6 9
9			0			3 9
10			4			2 10
10			4			5 10
8			-3			4 8
13			8			13 12
11			8			6 11
10			6			8 10
13			8			8 13
11			10			7 11
12			12			8 12
8			-4			7 8
10			0			8 10
11			1			7 11
12			5			5 12
13			5			11 13
8			-2			2 10
6			1			2 6
7			1			5 8
7			2			1 7
12			10			6 12
9			4			6 9
12			2			4 12
11			9			4 11
9			5			9 9
13			6			11 13
13			6			6 13
13			6			13 12