
  regular DP payoff: [[0, 0, 0, 0, 1, 4, 4], [0, 0, 0, 0, 1, 5, 5], [0, 0, 0, 1, 1, 5, 5]]
 with seeds: [[[2], [2], [2], [2], [6], [0], [0]], [[2], [2, 5], [2, 3], [2, 4], [2, 6], [6, 0], [6, 0]], [[2], [2, 5], [2, 5, 3], [2, 3, 4], [2, 4, 6], [2, 6, 0], [6, 0, 1]]]
  regular DP payoff: [[4, 4, 6, 6], [4, 5, 10, 11], [4, 5, 11, 16]]
 with seeds: [[[2], [2], [0], [0]], [[2], [2, 3], [2, 0], [0, 1]], [[2], [2, 3], [2, 3, 0], [2, 0, 1]]]
  regular DP payoff: [[0, 2, 4, 4, 4, 4, 4, 4, 4, 4, 4, 4, 4, 4, 4, 4, 4, 4, 4, 5, 5, 5, 5, 5, 5, 5, 5, 5, 5, 5], [0, 2, 6, 6, 6, 6, 6, 6, 7, 8, 8, 8, 8, 8, 8, 8, 8, 8, 8, 9, 9, 9, 9, 9, 9, 9, 9, 9, 9, 9], [0, 2, 6, 6, 8, 8, 8, 8, 9, 11, 11, 11, 11, 11, 11, 11, 11, 11, 11, 13, 13, 13, 13, 13, 13, 13, 13, 13, 13, 13]]
 with seeds: [[[5], [18], [6], [6], [6], [6], [6], [6], [6], [6], [6], [6], [6], [6], [6], [6], [6], [6], [6], [13], [13], [13], [13], [13], [13], [13], [13], [13], [13], [13]], [[5], [5, 18], [18, 6], [18, 6], [6, 20], [6, 20], [6, 20], [6, 20], [6, 9], [6, 26], [6, 26], [6, 26], [6, 26], [6, 26], [6, 26], [6, 26], [6, 26], [6, 26], [6, 26], [6, 13], [6, 13], [6, 13], [6, 13], [6, 13], [6, 13], [6, 13], [6, 13], [6, 13], [6, 13], [6, 13]], [[5], [5, 18], [5, 18, 6], [18, 6, 21], [18, 6, 20], [18, 6, 20], [18, 6, 20], [18, 6, 20], [6, 20, 9], [6, 9, 26], [6, 9, 26], [6, 9, 26], [6, 9, 26], [6, 9, 26], [6, 9, 26], [6, 9, 26], [6, 9, 26], [6, 9, 26], [6, 9, 26], [6, 26, 13], [6, 26, 13], [6, 26, 13], [6, 26, 13], [6, 26, 13], [6, 26, 13], [6, 26, 13], [6, 26, 13], [6, 26, 13], [6, 26, 13], [6, 26, 13]]]
  regular DP payoff: [[2, 2, 2, 2, 2, 4, 4, 4, 4, 4], [2, 2, 3, 3, 3, 6, 6, 6, 6, 6], [2, 2, 3, 4, 6, 7, 7, 7, 8, 8]]
 with seeds: [[[5], [5], [5], [5], [5], [7], [7], [7], [7], [7]], [[5], [5, 2], [5, 3], [5, 9], [5, 6], [5, 7], [5, 7], [5, 7], [7, 0], [7, 0]], [[5], [5, 2], [5, 2, 3], [5, 3, 9], [5, 9, 6], [5, 6, 7], [5, 6, 7], [5, 6, 7], [5, 7, 0], [5, 7, 0]]]
  regular DP payoff: [[-1, 1, 1, 1, 4, 4, 4, 4, 4, 4], [-1, 1, 2, 2, 5, 5, 5, 6, 6, 6], [-1, 1, 2, 5, 6, 6, 6, 7, 8, 8]]
 with seeds: [[[2], [3], [3], [3], [7], [7], [7], [7], [7], [7]], [[2], [3], [3, 9], [3, 6], [3, 7], [3, 7], [3, 7], [7, 0], [7, 5], [7, 5]], [[2], [3], [3, 9], [3, 9, 6], [3, 6, 7], [3, 6, 7], [3, 6, 7], [3, 7, 0], [7, 0, 5], [7, 0, 5]]]
  regular DP payoff: [[-1, 1, 1, 1, 4, 4, 4, 4, 4, 4], [-1, 1, 2, 2, 5, 5, 5, 6, 6, 6], [-1, 1, 2, 5, 6, 6, 6, 7, 8, 8]]
 with seeds: [[[2], [3], [3], [3], [7], [7], [7], [7], [7], [7]], [[2], [3], [3, 9], [3, 6], [3, 7], [3, 7], [3, 7], [7, 0], [7, 5], [7, 5]], [[2], [3], [3, 9], [3, 9, 6], [3, 6, 7], [3, 6, 7], [3, 6, 7], [3, 7, 0], [7, 0, 5], [7, 0, 5]]]
  regular DP payoff: [[-1, 1, 1, 1, 4, 4, 4, 4, 4, 4], [-1, 1, 2, 2, 5, 5, 5, 6, 6, 6], [-1, 1, 2, 5, 6, 6, 6, 7, 8, 8]]
 with seeds: [[[2], [3], [3], [3], [7], [7], [7], [7], [7], [7]], [[2], [3], [3, 9], [3, 6], [3, 7], [3, 7], [3, 7], [7, 0], [7, 5], [7, 5]], [[2], [3], [3, 9], [3, 9, 6], [3, 6, 7], [3, 6, 7], [3, 6, 7], [3, 7, 0], [7, 0, 5], [7, 0, 5]]]
  regular DP payoff: [[-1, -1, 1], [-1, -1, 1], [-1, -1, 2]]
 with seeds: [[[0], [0], [1]], [[0], [0, 2], [0, 1]], [[0], [0, 2], [0, 2, 1]]]
  regular DP payoff: [[-1, -1, 1], [-1, -1, 1], [-1, -1, 2]]
 with seeds: [[[0], [0], [1]], [[0], [0, 2], [0, 1]], [[0], [0, 2], [0, 2, 1]]]
  regular DP payoff: [[-1, -1, 1], [-1, -1, 1], [-1, -1, 2]]
 with seeds: [[[0], [0], [1]], [[0], [0, 2], [0, 1]], [[0], [0, 2], [0, 2, 1]]]
  regular DP payoff: [[4, 4, 4], [4, 4, 5], [4, 4, 6]]
 with seeds: [[[0], [0], [0]], [[0], [0, 2], [0, 1]], [[0], [0, 2], [0, 2, 1]]]
  regular DP payoff: [[7, 7], [7, 8], [7, 8]]
 with seeds: [[[0], [0]], [[0], [0, 1]], [[0], [0, 1]]]
  regular DP payoff: [[7, 7], [7, 8], [7, 8]]
 with seeds: [[[0], [0]], [[0], [0, 1]], [[0], [0, 1]]]
  regular DP payoff: [[4, 4], [4, 5], [4, 5]]
 with seeds: [[[0], [0]], [[0], [0, 1]], [[0], [0, 1]]]
  regular DP payoff: [[4, 4], [4, 5], [4, 5]]
 with seeds: [[[0], [0]], [[0], [0, 1]], [[0], [0, 1]]]
  regular DP payoff: [[0, 0, 0, 0, 1, 1, 1, 1, 1, 1], [0, 4, 4, 4, 4, 4, 4, 4, 4, 4], [0, 4, 4, 4, 5, 5, 5, 5, 5, 5]]
 with seeds: [[[5], [5], [5], [5], [9], [9], [9], [9], [9], [9]], [[5], [5, 6], [5, 6], [5, 6], [5, 6], [5, 6], [5, 6], [5, 6], [5, 6], [5, 6]], [[5], [5, 6], [5, 6, 0], [5, 6, 8], [5, 6, 9], [5, 6, 9], [5, 6, 9], [5, 6, 7], [5, 6, 7], [5, 6, 7]]]
  regular DP payoff: [[1, 1, 1, 1, 1, 4, 4, 4, 4, 4], [1, 3, 3, 3, 3, 5, 5, 7, 7, 7], [1, 3, 5, 5, 5, 7, 7, 8, 9, 9]]
 with seeds: [[[0], [0], [0], [0], [0], [9], [9], [9], [9], [9]], [[0], [0, 6], [0, 6], [0, 6], [0, 6], [0, 9], [0, 9], [9, 3], [9, 3], [9, 3]], [[0], [0, 6], [0, 6, 5], [0, 6, 5], [0, 6, 5], [0, 6, 9], [0, 6, 9], [0, 9, 3], [9, 3, 4], [9, 3, 4]]]
  regular DP payoff: [[1, 1, 3, 3, 3, 3, 3, 3, 3, 3], [1, 1, 4, 4, 4, 4, 5, 5, 5, 5], [1, 1, 4, 4, 4, 4, 6, 7, 7, 7]]
 with seeds: [[[4], [4], [2], [2], [2], [2], [2], [2], [2], [2]], [[4], [4, 6], [4, 2], [4, 2], [4, 2], [4, 2], [2, 9], [2, 9], [2, 9], [2, 1]], [[4], [4, 6], [4, 6, 2], [4, 2, 8], [4, 2, 5], [4, 2, 7], [4, 2, 9], [2, 9, 0], [2, 9, 0], [2, 9, 1]]]
  regular DP payoff: [[1, 1, 2, 2, 4, 4, 4, 4, 4, 4], [1, 1, 3, 3, 6, 6, 6, 6, 6, 6], [1, 1, 3, 3, 7, 7, 7, 7, 8, 11]]
 with seeds: [[[0], [0], [6], [6], [9], [9], [9], [9], [9], [9]], [[0], [0, 5], [0, 6], [0, 6], [6, 9], [6, 9], [6, 9], [6, 9], [9, 3], [9, 1]], [[0], [0, 5], [0, 5, 6], [0, 6, 4], [0, 6, 9], [6, 9, 8], [6, 9, 8], [6, 9, 8], [6, 9, 3], [9, 3, 1]]]
  regular DP payoff: [[1, 3, 3, 4, 4, 4, 4, 5, 5, 5], [1, 4, 5, 7, 7, 7, 7, 9, 9, 9], [1, 4, 6, 9, 9, 9, 9, 12, 12, 12]]
 with seeds: [[[5], [2], [2], [7], [7], [7], [7], [6], [6], [6]], [[5], [5, 2], [2, 4], [2, 7], [2, 7], [2, 7], [2, 7], [7, 6], [7, 6], [7, 6]], [[5], [5, 2], [5, 2, 4], [2, 4, 7], [2, 4, 7], [2, 4, 7], [2, 7, 0], [2, 7, 6], [2, 7, 6], [2, 7, 6]]]
  regular DP payoff: [[0, 0, 0, 2, 2, 2, 2, 2, 2, 2], [0, 0, 0, 2, 4, 4, 4, 4, 4, 4], [0, 0, 1, 2, 4, 6, 6, 6, 6, 6]]
 with seeds: [[[2], [2], [2], [0], [0], [0], [0], [0], [0], [0]], [[2], [2, 4], [2, 5], [2, 0], [0, 6], [0, 7], [0, 3], [0, 3], [0, 3], [0, 3]], [[2], [2, 4], [2, 4, 5], [2, 5, 0], [2, 0, 6], [0, 6, 7], [0, 7, 3], [0, 7, 3], [0, 7, 3], [0, 7, 3]]]
  regular DP payoff: [[2, 4, 4, 4, 4, 4, 4, 4, 4, 4], [2, 6, 6, 6, 6, 6, 6, 6, 6, 6], [2, 6, 7, 7, 7, 7, 8, 8, 8, 8]]
 with seeds: [[[2], [3], [3], [3], [3], [3], [3], [3], [3], [3]], [[2], [2, 3], [2, 3], [2, 3], [2, 3], [2, 3], [3, 8], [3, 9], [3, 9], [3, 1]], [[2], [2, 3], [2, 3, 5], [2, 3, 4], [2, 3, 4], [2, 3, 0], [2, 3, 8], [3, 8, 9], [3, 8, 9], [3, 9, 1]]]
  regular DP payoff: [[2, 2, 2, 2, 2, 2, 2, 2, 2, 2], [2, 2, 3, 3, 3, 3, 3, 3, 3, 4], [2, 2, 3, 3, 4, 5, 5, 7, 7, 7]]
 with seeds: [[[2], [2], [2], [2], [2], [2], [2], [2], [2], [2]], [[2], [2, 4], [2, 8], [2, 8], [2, 9], [2, 3], [2, 0], [2, 5], [2, 6], [2, 1]], [[2], [2, 4], [2, 4, 8], [2, 8, 7], [2, 8, 9], [2, 9, 3], [2, 3, 0], [2, 0, 5], [2, 0, 5], [2, 0, 5]]]
  regular DP payoff: [[0, 3, 3, 3, 3, 3, 3, 3, 3, 3], [0, 3, 3, 3, 5, 5, 5, 6, 6, 6], [0, 3, 3, 5, 5, 7, 7, 8, 8, 8]]
 with seeds: [[[0], [5], [5], [5], [5], [5], [5], [5], [5], [5]], [[0], [0, 5], [5, 2], [5, 6], [5, 4], [5, 4], [5, 7], [5, 9], [5, 9], [5, 9]], [[0], [0, 5], [0, 5, 2], [5, 2, 6], [5, 6, 4], [5, 4, 8], [5, 4, 7], [5, 7, 9], [5, 7, 9], [5, 9, 1]]]
  regular DP payoff: [[1, 2, 2, 2, 2, 2, 2, 2, 2, 2], [1, 4, 4, 4, 4, 4, 4, 4, 4, 4], [1, 4, 6, 6, 6, 6, 6, 6, 6, 6]]
 with seeds: [[[2], [5], [5], [5], [5], [5], [5], [5], [5], [5]], [[2], [2, 5], [5, 4], [5, 4], [5, 4], [5, 7], [5, 7], [5, 7], [5, 7], [5, 7]], [[2], [2, 5], [2, 5, 4], [2, 5, 4], [2, 5, 4], [5, 4, 7], [5, 4, 7], [5, 4, 7], [5, 4, 7], [5, 4, 7]]]
  regular DP payoff: [[0, 1, 2, 2, 2, 2, 4, 4, 4, 4], [0, 1, 3, 3, 3, 3, 6, 6, 6, 7], [0, 1, 3, 4, 4, 4, 7, 7, 7, 9]]
 with seeds: [[[6], [2], [3], [3], [3], [3], [4], [4], [4], [4]], [[6], [6, 2], [2, 3], [3, 0], [3, 0], [3, 0], [3, 4], [3, 4], [3, 4], [4, 1]], [[6], [6, 2], [6, 2, 3], [2, 3, 0], [2, 3, 0], [2, 3, 0], [3, 0, 4], [3, 0, 4], [3, 0, 4], [3, 4, 1]]]
  regular DP payoff: [[1, 4, 4, 4, 4, 4, 4, 4, 4, 4, 4, 4, 5, 5, 5, 5, 5, 5, 5, 5, 5, 5, 5, 5, 5, 5, 5, 5, 5, 5, 5, 5, 5, 5, 5, 5, 5, 5, 5, 5, 5, 5, 5, 5, 5, 5, 5, 5, 5, 5], [1, 5, 7, 7, 7, 7, 7, 8, 8, 8, 8, 8, 9, 9, 9, 9, 9, 9, 9, 9, 9, 9, 9, 9, 9, 9, 9, 9, 9, 9, 9, 9, 9, 9, 9, 9, 9, 9, 9, 9, 10, 10, 10, 10, 10, 10, 10, 10, 10, 10], [1, 5, 8, 9, 9, 9, 9, 11, 11, 11, 11, 12, 13, 13, 13, 13, 13, 13, 13, 13, 13, 13, 13, 13, 13, 13, 13, 13, 13, 13, 13, 13, 13, 13, 13, 13, 13, 13, 13, 13, 14, 14, 14, 14, 14, 14, 14, 14, 14, 14], [1, 5, 8, 10, 12, 12, 12, 13, 13, 14, 14, 15, 17, 17, 17, 17, 17, 17, 17, 17, 17, 17, 17, 17, 17, 17, 17, 17, 17, 17, 17, 17, 17, 17, 17, 17, 17, 17, 17, 17, 18, 18, 18, 18, 18, 18, 18, 18, 18, 18], [1, 5, 8, 10, 13, 14, 14, 16, 16, 16, 16, 18, 20, 20, 20, 20, 20, 20, 20, 20, 20, 20, 20, 20, 20, 20, 20, 20, 20, 20, 20, 20, 20, 20, 20, 20, 20, 21, 21, 21, 22, 22, 22, 22, 22, 22, 22, 22, 22, 22], [1, 5, 8, 10, 13, 15, 16, 18, 18, 19, 19, 20, 23, 23, 23, 23, 23, 23, 23, 23, 23, 23, 23, 23, 23, 23, 23, 23, 23, 23, 23, 23, 23, 23, 23, 23, 23, 24, 24, 24, 26, 26, 26, 26, 26, 26, 26, 26, 26, 26], [1, 5, 8, 10, 13, 15, 17, 20, 20, 21, 21, 23, 25, 25, 25, 25, 25, 25, 25, 25, 25, 25, 25, 25, 25, 25, 25, 25, 25, 25, 25, 25, 25, 25, 25, 25, 25, 27, 27, 27, 29, 29, 29, 29, 29, 29, 29, 29, 29, 30], [1, 5, 8, 10, 13, 15, 17, 21, 21, 23, 23, 25, 28, 28, 28, 28, 28, 28, 28, 28, 28, 28, 28, 28, 28, 28, 28, 28, 28, 28, 28, 28, 28, 28, 28, 28, 28, 29, 29, 29, 32, 32, 32, 32, 32, 32, 32, 32, 32, 33], [1, 5, 8, 10, 13, 15, 17, 21, 22, 24, 24, 27, 30, 30, 30, 30, 30, 30, 30, 30, 30, 30, 30, 30, 30, 30, 30, 30, 30, 30, 30, 30, 30, 30, 30, 30, 30, 32, 32, 32, 34, 35, 35, 35, 35, 35, 35, 35, 35, 36], [1, 5, 8, 10, 13, 15, 17, 21, 22, 25, 25, 28, 32, 32, 32, 32, 32, 32, 32, 32, 32, 32, 32, 32, 32, 32, 32, 32, 32, 32, 32, 32, 32, 32, 32, 32, 32, 34, 34, 34, 37, 37, 38, 38, 38, 38, 38, 38, 38, 39]]
 with seeds: [[[34], [25], [25], [25], [25], [25], [25], [25], [25], [25], [25], [25], [30], [30], [30], [30], [30], [30], [30], [30], [30], [30], [30], [30], [30], [30], [30], [30], [30], [30], [30], [30], [30], [30], [30], [30], [30], [30], [30], [30], [30], [30], [30], [30], [30], [30], [30], [30], [30], [30]], [[34], [34, 25], [25, 4], [25, 4], [25, 4], [25, 4], [25, 4], [25, 20], [25, 20], [25, 20], [25, 20], [25, 46], [25, 30], [25, 30], [25, 30], [25, 30], [25, 30], [25, 30], [25, 30], [25, 30], [25, 30], [25, 30], [25, 30], [25, 30], [25, 30], [25, 30], [25, 30], [25, 30], [25, 30], [25, 30], [25, 30], [25, 30], [25, 30], [25, 30], [25, 30], [25, 30], [25, 30], [30, 31], [30, 31], [30, 31], [30, 49], [30, 49], [30, 49], [30, 49], [30, 49], [30, 49], [30, 49], [30, 49], [30, 49], [30, 49]], [[34], [34, 25], [34, 25, 4], [25, 4, 14], [25, 4, 14], [25, 4, 14], [25, 4, 42], [25, 4, 20], [25, 4, 20], [25, 20, 19], [25, 20, 19], [25, 20, 46], [25, 46, 30], [25, 46, 30], [25, 46, 30], [25, 46, 30], [25, 46, 30], [25, 46, 30], [25, 46, 30], [25, 46, 30], [25, 46, 30], [25, 46, 30], [25, 46, 30], [25, 46, 30], [25, 46, 30], [25, 46, 30], [25, 46, 30], [25, 46, 30], [25, 46, 30], [25, 46, 30], [25, 46, 30], [25, 46, 30], [25, 46, 30], [25, 46, 30], [25, 46, 30], [25, 46, 30], [25, 46, 30], [25, 30, 31], [25, 30, 31], [25, 30, 31], [30, 31, 49], [30, 31, 49], [30, 31, 49], [30, 31, 49], [30, 31, 49], [30, 31, 49], [30, 31, 49], [30, 31, 49], [30, 31, 49], [30, 49, 1]], [[34], [34, 25], [34, 25, 4], [34, 25, 4, 14], [25, 4, 14, 29], [25, 4, 14, 29], [25, 4, 14, 29], [25, 4, 42, 20], [25, 4, 42, 20], [25, 4, 20, 19], [25, 4, 20, 19], [25, 20, 19, 46], [25, 20, 46, 30], [25, 20, 46, 30], [25, 20, 46, 30], [25, 20, 46, 30], [25, 20, 46, 30], [25, 20, 46, 30], [25, 20, 46, 30], [25, 20, 46, 30], [25, 20, 46, 30], [25, 20, 46, 30], [25, 20, 46, 30], [25, 20, 46, 30], [25, 20, 46, 30], [25, 20, 46, 30], [25, 20, 46, 30], [25, 20, 46, 30], [25, 20, 46, 30], [25, 20, 46, 30], [25, 20, 46, 30], [25, 20, 46, 30], [25, 20, 46, 30], [25, 20, 46, 30], [25, 20, 46, 30], [25, 20, 46, 30], [25, 20, 46, 30], [25, 46, 30, 31], [25, 46, 30, 31], [25, 46, 30, 31], [25, 30, 31, 49], [25, 30, 31, 49], [25, 30, 31, 49], [25, 30, 31, 49], [25, 30, 31, 49], [25, 30, 31, 49], [25, 30, 31, 49], [25, 30, 31, 49], [25, 30, 31, 49], [30, 31, 49, 1]], [[34], [34, 25], [34, 25, 4], [34, 25, 4, 14], [34, 25, 4, 14, 29], [25, 4, 14, 29, 2], [25, 4, 14, 29, 42], [25, 4, 14, 29, 20], [25, 4, 14, 29, 20], [25, 4, 42, 20, 19], [25, 4, 42, 20, 19], [25, 4, 20, 19, 46], [25, 20, 19, 46, 30], [25, 20, 19, 46, 30], [25, 20, 19, 46, 30], [25, 20, 19, 46, 30], [25, 20, 19, 46, 30], [25, 20, 19, 46, 30], [25, 20, 19, 46, 30], [25, 20, 19, 46, 30], [25, 20, 19, 46, 30], [25, 20, 19, 46, 30], [25, 20, 19, 46, 30], [25, 20, 19, 46, 30], [25, 20, 19, 46, 30], [25, 20, 19, 46, 30], [25, 20, 19, 46, 30], [25, 20, 19, 46, 30], [25, 20, 19, 46, 30], [25, 20, 19, 46, 30], [25, 20, 19, 46, 30], [25, 20, 19, 46, 30], [25, 20, 19, 46, 30], [25, 20, 19, 46, 30], [25, 20, 19, 46, 30], [25, 20, 19, 46, 30], [25, 20, 19, 46, 30], [25, 20, 46, 30, 31], [25, 20, 46, 30, 31], [25, 20, 46, 30, 31], [25, 46, 30, 31, 49], [25, 46, 30, 31, 49], [25, 46, 30, 31, 49], [25, 46, 30, 31, 49], [25, 46, 30, 31, 49], [25, 46, 30, 31, 49], [25, 46, 30, 31, 49], [25, 46, 30, 31, 49], [25, 46, 30, 31, 49], [25, 30, 31, 49, 1]], [[34], [34, 25], [34, 25, 4], [34, 25, 4, 14], [34, 25, 4, 14, 29], [34, 25, 4, 14, 29, 2], [25, 4, 14, 29, 2, 42], [25, 4, 14, 29, 42, 20], [25, 4, 14, 29, 42, 20], [25, 4, 14, 29, 20, 19], [25, 4, 14, 29, 20, 19], [25, 4, 42, 20, 19, 46], [25, 4, 20, 19, 46, 30], [25, 4, 20, 19, 46, 30], [25, 4, 20, 19, 46, 30], [25, 4, 20, 19, 46, 30], [25, 4, 20, 19, 46, 30], [25, 4, 20, 19, 46, 30], [25, 4, 20, 19, 46, 30], [25, 4, 20, 19, 46, 30], [25, 4, 20, 19, 46, 30], [25, 4, 20, 19, 46, 30], [25, 4, 20, 19, 46, 30], [25, 4, 20, 19, 46, 30], [25, 4, 20, 19, 46, 30], [25, 4, 20, 19, 46, 30], [25, 4, 20, 19, 46, 30], [25, 4, 20, 19, 46, 30], [25, 4, 20, 19, 46, 30], [25, 4, 20, 19, 46, 30], [25, 4, 20, 19, 46, 30], [25, 4, 20, 19, 46, 30], [25, 4, 20, 19, 46, 30], [25, 4, 20, 19, 46, 30], [25, 4, 20, 19, 46, 30], [25, 4, 20, 19, 46, 30], [25, 4, 20, 19, 46, 30], [25, 20, 19, 46, 30, 31], [25, 20, 19, 46, 30, 31], [25, 20, 19, 46, 30, 31], [25, 20, 46, 30, 31, 49], [25, 20, 46, 30, 31, 49], [25, 20, 46, 30, 31, 49], [25, 20, 46, 30, 31, 49], [25, 20, 46, 30, 31, 49], [25, 20, 46, 30, 31, 49], [25, 20, 46, 30, 31, 49], [25, 20, 46, 30, 31, 49], [25, 20, 46, 30, 31, 49], [25, 46, 30, 31, 49, 1]], [[34], [34, 25], [34, 25, 4], [34, 25, 4, 14], [34, 25, 4, 14, 29], [34, 25, 4, 14, 29, 2], [34, 25, 4, 14, 29, 2, 42], [25, 4, 14, 29, 2, 42, 20], [25, 4, 14, 29, 2, 42, 20], [25, 4, 14, 29, 42, 20, 19], [25, 4, 14, 29, 42, 20, 19], [25, 4, 14, 29, 20, 19, 46], [25, 4, 42, 20, 19, 46, 30], [25, 4, 42, 20, 19, 46, 30], [25, 4, 42, 20, 19, 46, 30], [25, 4, 42, 20, 19, 46, 30], [25, 4, 20, 19, 46, 30, 26], [25, 4, 20, 19, 46, 30, 26], [25, 4, 20, 19, 46, 30, 26], [25, 4, 20, 19, 46, 30, 26], [25, 4, 20, 19, 46, 30, 10], [25, 4, 20, 19, 46, 30, 10], [25, 4, 20, 19, 46, 30, 10], [25, 4, 20, 19, 46, 30, 10], [25, 4, 20, 19, 46, 30, 10], [25, 4, 20, 19, 46, 30, 10], [25, 4, 20, 19, 46, 30, 10], [25, 4, 20, 19, 46, 30, 10], [25, 4, 20, 19, 46, 30, 10], [25, 4, 20, 19, 46, 30, 10], [25, 4, 20, 19, 46, 30, 10], [25, 4, 20, 19, 46, 30, 10], [25, 4, 20, 19, 46, 30, 10], [25, 4, 20, 19, 46, 30, 10], [25, 4, 20, 19, 46, 30, 10], [25, 4, 20, 19, 46, 30, 10], [25, 4, 20, 19, 46, 30, 10], [25, 4, 20, 19, 46, 30, 31], [25, 4, 20, 19, 46, 30, 31], [25, 4, 20, 19, 46, 30, 31], [25, 20, 19, 46, 30, 31, 49], [25, 20, 46, 30, 31, 49, 8], [25, 20, 46, 30, 31, 49, 8], [25, 20, 46, 30, 31, 49, 8], [25, 20, 46, 30, 31, 49, 8], [25, 20, 46, 30, 31, 49, 8], [25, 20, 46, 30, 31, 49, 8], [25, 20, 46, 30, 31, 49, 8], [25, 20, 46, 30, 31, 49, 8], [25, 20, 46, 30, 31, 49, 1]], [[34], [34, 25], [34, 25, 4], [34, 25, 4, 14], [34, 25, 4, 14, 29], [34, 25, 4, 14, 29, 2], [34, 25, 4, 14, 29, 2, 42], [34, 25, 4, 14, 29, 2, 42, 20], [25, 4, 14, 29, 2, 42, 20, 9], [25, 4, 14, 29, 2, 42, 20, 19], [25, 4, 14, 29, 2, 42, 20, 19], [25, 4, 14, 29, 42, 20, 19, 46], [25, 4, 14, 29, 20, 19, 46, 30], [25, 4, 14, 29, 20, 19, 46, 30], [25, 4, 14, 29, 20, 19, 46, 30], [25, 4, 14, 29, 20, 19, 46, 30], [25, 4, 14, 29, 20, 19, 46, 30], [25, 4, 14, 29, 20, 19, 46, 30], [25, 4, 14, 29, 20, 19, 46, 30], [25, 4, 14, 29, 20, 19, 46, 30], [25, 4, 14, 29, 20, 19, 46, 30], [25, 4, 14, 29, 20, 19, 46, 30], [25, 4, 14, 29, 20, 19, 46, 30], [25, 4, 14, 29, 20, 19, 46, 30], [25, 4, 14, 29, 20, 19, 46, 30], [25, 4, 14, 29, 20, 19, 46, 30], [25, 4, 14, 29, 20, 19, 46, 30], [25, 4, 14, 29, 20, 19, 46, 30], [25, 4, 14, 29, 20, 19, 46, 30], [25, 4, 14, 29, 20, 19, 46, 30], [25, 4, 14, 29, 20, 19, 46, 30], [25, 4, 14, 29, 20, 19, 46, 30], [25, 4, 14, 29, 20, 19, 46, 30], [25, 4, 14, 29, 20, 19, 46, 30], [25, 4, 14, 29, 20, 19, 46, 30], [25, 4, 14, 29, 20, 19, 46, 30], [25, 4, 14, 29, 20, 19, 46, 30], [25, 4, 20, 19, 46, 30, 10, 31], [25, 4, 20, 19, 46, 30, 31, 24], [25, 4, 20, 19, 46, 30, 31, 28], [25, 4, 20, 19, 46, 30, 31, 49], [25, 20, 19, 46, 30, 31, 49, 8], [25, 20, 46, 30, 31, 49, 8, 17], [25, 20, 46, 30, 31, 49, 8, 17], [25, 20, 46, 30, 31, 49, 8, 17], [25, 20, 46, 30, 31, 49, 8, 17], [25, 20, 46, 30, 31, 49, 8, 17], [25, 20, 46, 30, 31, 49, 8, 17], [25, 20, 46, 30, 31, 49, 8, 17], [25, 20, 46, 30, 31, 49, 8, 1]], [[34], [34, 25], [34, 25, 4], [34, 25, 4, 14], [34, 25, 4, 14, 29], [34, 25, 4, 14, 29, 2], [34, 25, 4, 14, 29, 2, 42], [34, 25, 4, 14, 29, 2, 42, 20], [34, 25, 4, 14, 29, 2, 42, 20, 9], [25, 4, 14, 29, 2, 42, 20, 9, 19], [25, 4, 14, 29, 2, 42, 20, 9, 19], [25, 4, 14, 29, 2, 42, 20, 19, 46], [25, 4, 14, 29, 42, 20, 19, 46, 30], [25, 4, 14, 29, 42, 20, 19, 46, 30], [25, 4, 14, 29, 42, 20, 19, 46, 30], [25, 4, 14, 29, 42, 20, 19, 46, 30], [25, 4, 14, 29, 20, 19, 46, 30, 26], [25, 4, 14, 29, 20, 19, 46, 30, 26], [25, 4, 14, 29, 20, 19, 46, 30, 26], [25, 4, 14, 29, 20, 19, 46, 30, 26], [25, 4, 14, 29, 20, 19, 46, 30, 10], [25, 4, 14, 29, 20, 19, 46, 30, 10], [25, 4, 14, 29, 20, 19, 46, 30, 10], [25, 4, 14, 29, 20, 19, 46, 30, 10], [25, 4, 14, 29, 20, 19, 46, 30, 10], [25, 4, 14, 29, 20, 19, 46, 30, 10], [25, 4, 14, 29, 20, 19, 46, 30, 10], [25, 4, 14, 29, 20, 19, 46, 30, 10], [25, 4, 14, 29, 20, 19, 46, 30, 10], [25, 4, 14, 29, 20, 19, 46, 30, 10], [25, 4, 14, 29, 20, 19, 46, 30, 10], [25, 4, 14, 29, 20, 19, 46, 30, 10], [25, 4, 14, 29, 20, 19, 46, 30, 10], [25, 4, 14, 29, 20, 19, 46, 30, 10], [25, 4, 14, 29, 20, 19, 46, 30, 10], [25, 4, 14, 29, 20, 19, 46, 30, 10], [25, 4, 14, 29, 20, 19, 46, 30, 10], [25, 4, 14, 29, 20, 19, 46, 30, 31], [25, 4, 14, 29, 20, 19, 46, 30, 31], [25, 4, 14, 29, 20, 19, 46, 30, 31], [25, 4, 20, 19, 46, 30, 31, 28, 49], [25, 4, 20, 19, 46, 30, 31, 49, 8], [25, 20, 19, 46, 30, 31, 49, 8, 17], [25, 20, 19, 46, 30, 31, 49, 8, 17], [25, 20, 19, 46, 30, 31, 49, 8, 17], [25, 20, 19, 46, 30, 31, 49, 8, 17], [25, 20, 19, 46, 30, 31, 49, 8, 17], [25, 20, 19, 46, 30, 31, 49, 8, 17], [25, 20, 19, 46, 30, 31, 49, 8, 17], [25, 20, 46, 30, 31, 49, 8, 17, 1]], [[34], [34, 25], [34, 25, 4], [34, 25, 4, 14], [34, 25, 4, 14, 29], [34, 25, 4, 14, 29, 2], [34, 25, 4, 14, 29, 2, 42], [34, 25, 4, 14, 29, 2, 42, 20], [34, 25, 4, 14, 29, 2, 42, 20, 9], [34, 25, 4, 14, 29, 2, 42, 20, 9, 19], [34, 25, 4, 14, 29, 2, 42, 20, 9, 19], [25, 4, 14, 29, 2, 42, 20, 9, 19, 46], [25, 4, 14, 29, 2, 42, 20, 19, 46, 30], [25, 4, 14, 29, 2, 42, 20, 19, 46, 30], [25, 4, 14, 29, 2, 42, 20, 19, 46, 30], [25, 4, 14, 29, 2, 42, 20, 19, 46, 30], [25, 4, 14, 29, 42, 20, 19, 46, 30, 26], [25, 4, 14, 29, 42, 20, 19, 46, 30, 26], [25, 4, 14, 29, 42, 20, 19, 46, 30, 26], [25, 4, 14, 29, 42, 20, 19, 46, 30, 26], [25, 4, 14, 29, 20, 19, 46, 30, 26, 10], [25, 4, 14, 29, 20, 19, 46, 30, 26, 10], [25, 4, 14, 29, 20, 19, 46, 30, 26, 10], [25, 4, 14, 29, 20, 19, 46, 30, 26, 10], [25, 4, 14, 29, 20, 19, 46, 30, 26, 10], [25, 4, 14, 29, 20, 19, 46, 30, 26, 10], [25, 4, 14, 29, 20, 19, 46, 30, 26, 10], [25, 4, 14, 29, 20, 19, 46, 30, 26, 10], [25, 4, 14, 29, 20, 19, 46, 30, 26, 10], [25, 4, 14, 29, 20, 19, 46, 30, 26, 10], [25, 4, 14, 29, 20, 19, 46, 30, 26, 10], [25, 4, 14, 29, 20, 19, 46, 30, 26, 10], [25, 4, 14, 29, 20, 19, 46, 30, 26, 10], [25, 4, 14, 29, 20, 19, 46, 30, 26, 10], [25, 4, 14, 29, 20, 19, 46, 30, 26, 10], [25, 4, 14, 29, 20, 19, 46, 30, 26, 10], [25, 4, 14, 29, 20, 19, 46, 30, 26, 10], [25, 4, 14, 29, 20, 19, 46, 30, 10, 31], [25, 4, 14, 29, 20, 19, 46, 30, 31, 24], [25, 4, 14, 29, 20, 19, 46, 30, 31, 28], [25, 4, 14, 29, 20, 19, 46, 30, 31, 49], [25, 4, 20, 19, 46, 30, 31, 28, 49, 8], [25, 4, 20, 19, 46, 30, 31, 49, 8, 17], [25, 4, 20, 19, 46, 30, 31, 49, 8, 17], [25, 4, 20, 19, 46, 30, 31, 49, 8, 17], [25, 4, 20, 19, 46, 30, 31, 49, 8, 17], [25, 4, 20, 19, 46, 30, 31, 49, 8, 17], [25, 4, 20, 19, 46, 30, 31, 49, 8, 17], [25, 4, 20, 19, 46, 30, 31, 49, 8, 17], [25, 20, 19, 46, 30, 31, 49, 8, 17, 1]]]
  regular DP payoff: [[1, 2, 4, 4, 4, 4, 4, 4, 4, 4, 4, 4, 4, 4, 4, 4, 4, 4, 4, 4, 4, 4, 4, 4, 4, 4, 4, 4, 4, 4, 4, 4, 4, 4, 4, 4, 4, 4, 4, 4, 4, 4, 4, 4, 4, 4, 4, 4, 4, 4], [1, 3, 6, 6, 6, 6, 6, 6, 6, 6, 6, 6, 6, 6, 7, 7, 7, 7, 7, 7, 7, 7, 8, 8, 8, 8, 8, 8, 8, 8, 8, 8, 8, 8, 8, 8, 8, 8, 8, 8, 8, 8, 8, 8, 8, 8, 8, 8, 8, 8], [1, 3, 7, 7, 7, 7, 7, 7, 8, 8, 8, 8, 8, 8, 9, 9, 9, 9, 9, 9, 9, 9, 11, 11, 11, 11, 11, 11, 11, 11, 11, 11, 11, 11, 11, 11, 11, 11, 11, 11, 11, 11, 11, 11, 11, 11, 11, 11, 11, 11], [1, 3, 7, 8, 8, 8, 8, 8, 9, 9, 9, 9, 9, 9, 11, 11, 11, 11, 11, 11, 11, 11, 13, 13, 13, 13, 13, 13, 13, 13, 13, 13, 13, 13, 13, 13, 13, 13, 13, 13, 13, 13, 13, 13, 13, 13, 13, 13, 13, 13], [1, 3, 7, 8, 9, 9, 9, 9, 10, 10, 10, 10, 10, 10, 12, 12, 12, 13, 13, 13, 13, 13, 15, 15, 15, 15, 15, 15, 15, 15, 15, 15, 15, 15, 15, 15, 15, 15, 15, 15, 15, 15, 15, 15, 15, 15, 15, 15, 15, 15], [1, 3, 7, 8, 9, 9, 9, 9, 11, 11, 11, 11, 11, 11, 13, 13, 13, 14, 14, 14, 14, 14, 17, 17, 17, 17, 17, 17, 17, 17, 17, 17, 17, 17, 17, 17, 17, 17, 17, 17, 17, 17, 17, 17, 17, 17, 17, 17, 17, 17], [1, 3, 7, 8, 9, 9, 10, 10, 11, 12, 12, 12, 12, 12, 14, 14, 14, 15, 15, 15, 15, 15, 18, 18, 18, 18, 18, 18, 18, 18, 18, 18, 19, 19, 19, 19, 19, 19, 19, 19, 19, 19, 19, 19, 19, 19, 19, 19, 19, 19], [1, 3, 7, 8, 9, 9, 10, 10, 12, 12, 12, 12, 12, 12, 15, 15, 15, 16, 16, 16, 16, 16, 19, 19, 19, 19, 19, 19, 19, 19, 19, 19, 20, 21, 21, 21, 21, 21, 21, 21, 21, 21, 21, 21, 21, 21, 21, 21, 21, 21], [1, 3, 7, 8, 9, 9, 10, 10, 12, 13, 13, 13, 13, 13, 15, 16, 16, 17, 17, 17, 17, 17, 20, 20, 20, 20, 20, 20, 20, 20, 20, 20, 21, 22, 22, 22, 22, 22, 22, 22, 22, 23, 23, 23, 23, 23, 23, 23, 23, 23], [1, 3, 7, 8, 9, 9, 10, 10, 12, 13, 13, 13, 13, 13, 16, 16, 16, 18, 18, 18, 18, 18, 21, 21, 21, 21, 21, 21, 21, 21, 21, 21, 22, 23, 23, 23, 23, 23, 23, 23, 23, 24, 24, 24, 24, 24, 24, 24, 24, 24]]
 with seeds: [[[5], [17], [12], [12], [12], [12], [12], [12], [12], [12], [12], [12], [12], [12], [12], [12], [12], [12], [12], [12], [12], [12], [12], [12], [12], [12], [12], [12], [12], [12], [12], [12], [12], [12], [12], [12], [12], [12], [12], [12], [12], [12], [12], [12], [12], [12], [12], [12], [12], [12]], [[5], [5, 17], [17, 12], [17, 12], [17, 12], [17, 12], [17, 12], [17, 12], [12, 46], [12, 46], [12, 46], [12, 46], [12, 46], [12, 46], [12, 20], [12, 20], [12, 20], [12, 20], [12, 20], [12, 20], [12, 20], [12, 20], [12, 28], [12, 28], [12, 28], [12, 28], [12, 28], [12, 28], [12, 28], [12, 28], [12, 28], [12, 28], [12, 28], [12, 28], [12, 28], [12, 28], [12, 28], [12, 28], [12, 28], [12, 28], [12, 28], [12, 28], [12, 28], [12, 28], [12, 28], [12, 28], [12, 28], [12, 28], [12, 28], [12, 28]], [[5], [5, 17], [5, 17, 12], [17, 12, 30], [17, 12, 30], [17, 12, 30], [17, 12, 30], [17, 12, 30], [17, 12, 46], [17, 12, 46], [17, 12, 46], [17, 12, 46], [17, 12, 46], [17, 12, 46], [12, 46, 20], [12, 46, 20], [12, 46, 20], [12, 20, 23], [12, 20, 23], [12, 20, 23], [12, 20, 23], [12, 20, 23], [12, 20, 28], [12, 20, 28], [12, 20, 28], [12, 20, 28], [12, 20, 28], [12, 20, 28], [12, 20, 28], [12, 20, 28], [12, 20, 28], [12, 20, 28], [12, 20, 28], [12, 20, 28], [12, 20, 28], [12, 20, 28], [12, 20, 28], [12, 20, 28], [12, 20, 28], [12, 20, 28], [12, 20, 28], [12, 20, 28], [12, 20, 28], [12, 20, 28], [12, 20, 28], [12, 20, 28], [12, 20, 28], [12, 20, 28], [12, 20, 28], [12, 20, 28]], [[5], [5, 17], [5, 17, 12], [5, 17, 12, 30], [17, 12, 30, 13], [17, 12, 30, 13], [17, 12, 30, 13], [17, 12, 30, 13], [17, 12, 30, 46], [17, 12, 46, 6], [17, 12, 46, 6], [17, 12, 46, 6], [17, 12, 46, 6], [17, 12, 46, 6], [17, 12, 46, 20], [17, 12, 46, 20], [17, 12, 46, 20], [12, 46, 20, 23], [12, 46, 20, 23], [12, 46, 20, 23], [12, 46, 20, 23], [12, 46, 20, 23], [12, 20, 23, 28], [12, 20, 23, 28], [12, 20, 23, 28], [12, 20, 23, 28], [12, 20, 23, 28], [12, 20, 23, 28], [12, 20, 23, 28], [12, 20, 23, 28], [12, 20, 23, 28], [12, 20, 23, 28], [12, 20, 28, 47], [12, 20, 28, 48], [12, 20, 28, 48], [12, 20, 28, 48], [12, 20, 28, 48], [12, 20, 28, 48], [12, 20, 28, 48], [12, 20, 28, 48], [12, 20, 28, 48], [12, 20, 28, 19], [12, 20, 28, 19], [12, 20, 28, 19], [12, 20, 28, 19], [12, 20, 28, 19], [12, 20, 28, 19], [12, 20, 28, 19], [12, 20, 28, 19], [12, 20, 28, 19]], [[5], [5, 17], [5, 17, 12], [5, 17, 12, 30], [5, 17, 12, 30, 13], [5, 17, 12, 30, 13], [5, 17, 12, 30, 13], [5, 17, 12, 30, 13], [17, 12, 30, 13, 46], [17, 12, 30, 46, 6], [17, 12, 30, 46, 6], [17, 12, 30, 46, 6], [17, 12, 30, 46, 6], [17, 12, 30, 46, 6], [17, 12, 46, 6, 20], [17, 12, 46, 20, 18], [17, 12, 46, 20, 18], [17, 12, 46, 20, 23], [17, 12, 46, 20, 23], [17, 12, 46, 20, 23], [17, 12, 46, 20, 23], [17, 12, 46, 20, 23], [12, 46, 20, 23, 28], [12, 46, 20, 23, 28], [12, 46, 20, 23, 28], [12, 46, 20, 23, 28], [12, 46, 20, 23, 28], [12, 46, 20, 23, 28], [12, 46, 20, 23, 28], [12, 46, 20, 23, 28], [12, 46, 20, 23, 28], [12, 46, 20, 23, 28], [12, 20, 23, 28, 47], [12, 20, 28, 47, 48], [12, 20, 28, 47, 48], [12, 20, 28, 47, 48], [12, 20, 28, 47, 48], [12, 20, 28, 47, 48], [12, 20, 28, 47, 48], [12, 20, 28, 47, 48], [12, 20, 28, 47, 48], [12, 20, 28, 48, 19], [12, 20, 28, 48, 19], [12, 20, 28, 48, 19], [12, 20, 28, 48, 19], [12, 20, 28, 48, 19], [12, 20, 28, 48, 19], [12, 20, 28, 48, 19], [12, 20, 28, 48, 19], [12, 20, 28, 48, 19]], [[5], [5, 17], [5, 17, 12], [5, 17, 12, 30], [5, 17, 12, 30, 13], [5, 17, 12, 30, 13, 33], [5, 17, 12, 30, 13, 8], [5, 17, 12, 30, 13, 25], [5, 17, 12, 30, 13, 46], [17, 12, 30, 13, 46, 6], [17, 12, 30, 13, 46, 6], [17, 12, 30, 13, 46, 6], [17, 12, 30, 13, 46, 6], [17, 12, 30, 13, 46, 6], [17, 12, 30, 46, 6, 20], [17, 12, 46, 6, 20, 18], [17, 12, 46, 6, 20, 18], [17, 12, 46, 20, 18, 23], [17, 12, 46, 20, 18, 23], [17, 12, 46, 20, 18, 23], [17, 12, 46, 20, 18, 23], [17, 12, 46, 20, 18, 23], [17, 12, 46, 20, 23, 28], [17, 12, 46, 20, 23, 28], [17, 12, 46, 20, 23, 28], [17, 12, 46, 20, 23, 28], [17, 12, 46, 20, 23, 28], [17, 12, 46, 20, 23, 28], [17, 12, 46, 20, 23, 28], [17, 12, 46, 20, 23, 28], [17, 12, 46, 20, 23, 28], [17, 12, 46, 20, 23, 28], [12, 46, 20, 23, 28, 47], [12, 20, 23, 28, 47, 48], [12, 20, 23, 28, 47, 48], [12, 20, 23, 28, 47, 48], [12, 20, 23, 28, 47, 48], [12, 20, 23, 28, 47, 48], [12, 20, 23, 28, 47, 48], [12, 20, 23, 28, 47, 48], [12, 20, 23, 28, 47, 48], [12, 20, 28, 47, 48, 19], [12, 20, 28, 47, 48, 19], [12, 20, 28, 47, 48, 19], [12, 20, 28, 47, 48, 19], [12, 20, 28, 47, 48, 19], [12, 20, 28, 47, 48, 19], [12, 20, 28, 47, 48, 19], [12, 20, 28, 47, 48, 19], [12, 20, 28, 47, 48, 19]], [[5], [5, 17], [5, 17, 12], [5, 17, 12, 30], [5, 17, 12, 30, 13], [5, 17, 12, 30, 13, 33], [5, 17, 12, 30, 13, 33, 8], [5, 17, 12, 30, 13, 33, 8], [5, 17, 12, 30, 13, 25, 46], [5, 17, 12, 30, 13, 46, 6], [5, 17, 12, 30, 13, 46, 6], [5, 17, 12, 30, 13, 46, 6], [5, 17, 12, 30, 13, 46, 6], [5, 17, 12, 30, 13, 46, 6], [17, 12, 30, 13, 46, 6, 20], [17, 12, 30, 46, 6, 20, 18], [17, 12, 30, 46, 6, 20, 18], [17, 12, 46, 6, 20, 18, 23], [17, 12, 46, 6, 20, 18, 23], [17, 12, 46, 6, 20, 18, 23], [17, 12, 46, 6, 20, 18, 23], [17, 12, 46, 6, 20, 18, 23], [17, 12, 46, 20, 18, 23, 28], [17, 12, 46, 20, 23, 28, 29], [17, 12, 46, 20, 23, 28, 29], [17, 12, 46, 20, 23, 28, 29], [17, 12, 46, 20, 23, 28, 29], [17, 12, 46, 20, 23, 28, 29], [17, 12, 46, 20, 23, 28, 29], [17, 12, 46, 20, 23, 28, 29], [17, 12, 46, 20, 23, 28, 29], [17, 12, 46, 20, 23, 28, 29], [17, 12, 46, 20, 23, 28, 47], [12, 46, 20, 23, 28, 47, 48], [12, 46, 20, 23, 28, 47, 48], [12, 46, 20, 23, 28, 47, 48], [12, 46, 20, 23, 28, 47, 48], [12, 46, 20, 23, 28, 47, 48], [12, 46, 20, 23, 28, 47, 48], [12, 46, 20, 23, 28, 47, 48], [12, 46, 20, 23, 28, 47, 48], [12, 20, 23, 28, 47, 48, 19], [12, 20, 23, 28, 47, 48, 19], [12, 20, 23, 28, 47, 48, 19], [12, 20, 23, 28, 47, 48, 19], [12, 20, 23, 28, 47, 48, 19], [12, 20, 23, 28, 47, 48, 19], [12, 20, 23, 28, 47, 48, 19], [12, 20, 23, 28, 47, 48, 19], [12, 20, 23, 28, 47, 48, 19]], [[5], [5, 17], [5, 17, 12], [5, 17, 12, 30], [5, 17, 12, 30, 13], [5, 17, 12, 30, 13, 33], [5, 17, 12, 30, 13, 33, 8], [5, 17, 12, 30, 13, 33, 8, 25], [5, 17, 12, 30, 13, 33, 8, 46], [5, 17, 12, 30, 13, 25, 46, 6], [5, 17, 12, 30, 13, 46, 6, 32], [5, 17, 12, 30, 13, 46, 6, 42], [5, 17, 12, 30, 13, 46, 6, 7], [5, 17, 12, 30, 13, 46, 6, 24], [5, 17, 12, 30, 13, 46, 6, 20], [17, 12, 30, 13, 46, 6, 20, 18], [17, 12, 30, 13, 46, 6, 20, 18], [17, 12, 30, 46, 6, 20, 18, 23], [17, 12, 30, 46, 6, 20, 18, 23], [17, 12, 30, 46, 6, 20, 18, 23], [17, 12, 30, 46, 6, 20, 18, 23], [17, 12, 30, 46, 6, 20, 18, 23], [17, 12, 46, 6, 20, 18, 23, 28], [17, 12, 46, 20, 18, 23, 28, 29], [17, 12, 46, 20, 18, 23, 28, 29], [17, 12, 46, 20, 18, 23, 28, 29], [17, 12, 46, 20, 18, 23, 28, 29], [17, 12, 46, 20, 18, 23, 28, 29], [17, 12, 46, 20, 18, 23, 28, 29], [17, 12, 46, 20, 18, 23, 28, 29], [17, 12, 46, 20, 18, 23, 28, 29], [17, 12, 46, 20, 18, 23, 28, 29], [17, 12, 46, 20, 23, 28, 29, 47], [17, 12, 46, 20, 23, 28, 47, 48], [17, 12, 46, 20, 23, 28, 47, 48], [17, 12, 46, 20, 23, 28, 47, 48], [17, 12, 46, 20, 23, 28, 47, 48], [17, 12, 46, 20, 23, 28, 47, 48], [17, 12, 46, 20, 23, 28, 47, 48], [17, 12, 46, 20, 23, 28, 47, 48], [17, 12, 46, 20, 23, 28, 47, 48], [12, 46, 20, 23, 28, 47, 48, 19], [12, 46, 20, 23, 28, 47, 48, 19], [12, 46, 20, 23, 28, 47, 48, 19], [12, 46, 20, 23, 28, 47, 48, 19], [12, 46, 20, 23, 28, 47, 48, 19], [12, 46, 20, 23, 28, 47, 48, 19], [12, 46, 20, 23, 28, 47, 48, 19], [12, 46, 20, 23, 28, 47, 48, 19], [12, 46, 20, 23, 28, 47, 48, 19]], [[5], [5, 17], [5, 17, 12], [5, 17, 12, 30], [5, 17, 12, 30, 13], [5, 17, 12, 30, 13, 33], [5, 17, 12, 30, 13, 33, 8], [5, 17, 12, 30, 13, 33, 8, 25], [5, 17, 12, 30, 13, 33, 8, 25, 46], [5, 17, 12, 30, 13, 33, 8, 46, 6], [5, 17, 12, 30, 13, 33, 8, 46, 6], [5, 17, 12, 30, 13, 33, 8, 46, 6], [5, 17, 12, 30, 13, 46, 6, 42, 7], [5, 17, 12, 30, 13, 46, 6, 42, 7], [5, 17, 12, 30, 13, 46, 6, 24, 20], [5, 17, 12, 30, 13, 46, 6, 20, 18], [5, 17, 12, 30, 13, 46, 6, 20, 18], [17, 12, 30, 13, 46, 6, 20, 18, 23], [17, 12, 30, 13, 46, 6, 20, 18, 23], [17, 12, 30, 13, 46, 6, 20, 18, 23], [17, 12, 30, 13, 46, 6, 20, 18, 23], [17, 12, 30, 13, 46, 6, 20, 18, 23], [17, 12, 30, 46, 6, 20, 18, 23, 28], [17, 12, 46, 6, 20, 18, 23, 28, 29], [17, 12, 46, 6, 20, 18, 23, 28, 29], [17, 12, 46, 6, 20, 18, 23, 28, 29], [17, 12, 46, 6, 20, 18, 23, 28, 29], [17, 12, 46, 6, 20, 18, 23, 28, 29], [17, 12, 46, 6, 20, 18, 23, 28, 29], [17, 12, 46, 6, 20, 18, 23, 28, 29], [17, 12, 46, 6, 20, 18, 23, 28, 29], [17, 12, 46, 6, 20, 18, 23, 28, 29], [17, 12, 46, 20, 18, 23, 28, 29, 47], [17, 12, 46, 20, 23, 28, 29, 47, 48], [17, 12, 46, 20, 23, 28, 29, 47, 48], [17, 12, 46, 20, 23, 28, 29, 47, 48], [17, 12, 46, 20, 23, 28, 29, 47, 48], [17, 12, 46, 20, 23, 28, 47, 48, 10], [17, 12, 46, 20, 23, 28, 47, 48, 10], [17, 12, 46, 20, 23, 28, 47, 48, 10], [17, 12, 46, 20, 23, 28, 47, 48, 10], [17, 12, 46, 20, 23, 28, 47, 48, 19], [17, 12, 46, 20, 23, 28, 47, 48, 19], [17, 12, 46, 20, 23, 28, 47, 48, 19], [17, 12, 46, 20, 23, 28, 47, 48, 19], [17, 12, 46, 20, 23, 28, 47, 48, 19], [17, 12, 46, 20, 23, 28, 47, 48, 19], [17, 12, 46, 20, 23, 28, 47, 48, 19], [17, 12, 46, 20, 23, 28, 47, 48, 19], [17, 12, 46, 20, 23, 28, 47, 48, 19]], [[5], [5, 17], [5, 17, 12], [5, 17, 12, 30], [5, 17, 12, 30, 13], [5, 17, 12, 30, 13, 33], [5, 17, 12, 30, 13, 33, 8], [5, 17, 12, 30, 13, 33, 8, 25], [5, 17, 12, 30, 13, 33, 8, 25, 46], [5, 17, 12, 30, 13, 33, 8, 25, 46, 6], [5, 17, 12, 30, 13, 33, 8, 46, 6, 32], [5, 17, 12, 30, 13, 33, 8, 46, 6, 42], [5, 17, 12, 30, 13, 33, 8, 46, 6, 7], [5, 17, 12, 30, 13, 46, 6, 42, 7, 24], [5, 17, 12, 30, 13, 46, 6, 42, 7, 20], [5, 17, 12, 30, 13, 46, 6, 24, 20, 18], [5, 17, 12, 30, 13, 46, 6, 20, 18, 16], [5, 17, 12, 30, 13, 46, 6, 20, 18, 23], [5, 17, 12, 30, 13, 46, 6, 20, 18, 23], [5, 17, 12, 30, 13, 46, 6, 20, 18, 23], [5, 17, 12, 30, 13, 46, 6, 20, 18, 23], [5, 17, 12, 30, 13, 46, 6, 20, 18, 23], [17, 12, 30, 13, 46, 6, 20, 18, 23, 28], [17, 12, 30, 46, 6, 20, 18, 23, 28, 29], [17, 12, 30, 46, 6, 20, 18, 23, 28, 29], [17, 12, 30, 46, 6, 20, 18, 23, 28, 29], [17, 12, 30, 46, 6, 20, 18, 23, 28, 29], [17, 12, 30, 46, 6, 20, 18, 23, 28, 29], [17, 12, 30, 46, 6, 20, 18, 23, 28, 29], [17, 12, 30, 46, 6, 20, 18, 23, 28, 29], [17, 12, 30, 46, 6, 20, 18, 23, 28, 29], [17, 12, 30, 46, 6, 20, 18, 23, 28, 29], [17, 12, 46, 6, 20, 18, 23, 28, 29, 47], [17, 12, 46, 20, 18, 23, 28, 29, 47, 48], [17, 12, 46, 20, 18, 23, 28, 29, 47, 48], [17, 12, 46, 20, 18, 23, 28, 29, 47, 48], [17, 12, 46, 20, 18, 23, 28, 29, 47, 48], [17, 12, 46, 20, 23, 28, 29, 47, 48, 10], [17, 12, 46, 20, 23, 28, 29, 47, 48, 10], [17, 12, 46, 20, 23, 28, 29, 47, 48, 10], [17, 12, 46, 20, 23, 28, 29, 47, 48, 10], [17, 12, 46, 20, 23, 28, 47, 48, 10, 19], [17, 12, 46, 20, 23, 28, 47, 48, 19, 40], [17, 12, 46, 20, 23, 28, 47, 48, 19, 41], [17, 12, 46, 20, 23, 28, 47, 48, 19, 49], [17, 12, 46, 20, 23, 28, 47, 48, 19, 49], [17, 12, 46, 20, 23, 28, 47, 48, 19, 35], [17, 12, 46, 20, 23, 28, 47, 48, 19, 35], [17, 12, 46, 20, 23, 28, 47, 48, 19, 35], [17, 12, 46, 20, 23, 28, 47, 48, 19, 1]]]
  regular DP payoff: [[4, 4, 4, 4, 4, 4, 4, 4, 4, 4, 4, 4, 4, 4, 4, 4, 4, 4, 4, 4, 4, 4, 4, 4, 4, 4, 4, 4, 4, 4, 4, 4, 4, 4, 4, 4, 4, 4, 4, 4, 4, 4, 4, 4, 4, 4, 4, 4, 4, 4], [4, 5, 5, 5, 5, 5, 6, 6, 6, 6, 6, 6, 7, 7, 7, 7, 7, 7, 7, 7, 7, 7, 7, 7, 7, 7, 7, 7, 7, 7, 7, 7, 7, 7, 7, 7, 7, 7, 7, 7, 7, 7, 7, 7, 7, 7, 7, 7, 7, 8], [4, 5, 5, 5, 5, 6, 7, 8, 8, 8, 8, 8, 9, 9, 9, 9, 9, 9, 9, 9, 10, 10, 10, 10, 10, 10, 10, 10, 10, 10, 10, 10, 10, 10, 10, 10, 10, 10, 10, 10, 10, 10, 10, 10, 10, 10, 10, 10, 10, 11], [4, 5, 5, 5, 9, 9, 9, 9, 9, 9, 9, 9, 11, 11, 11, 11, 11, 11, 11, 11, 12, 12, 12, 12, 12, 12, 12, 12, 13, 13, 13, 13, 13, 13, 13, 13, 13, 13, 13, 13, 13, 13, 13, 13, 13, 13, 13, 13, 13, 14], [4, 5, 5, 5, 9, 11, 11, 11, 11, 11, 11, 11, 13, 13, 13, 13, 13, 13, 13, 13, 14, 14, 14, 14, 14, 14, 14, 14, 15, 15, 15, 15, 15, 15, 15, 15, 15, 15, 15, 15, 15, 15, 15, 16, 16, 16, 16, 16, 16, 17], [4, 5, 5, 5, 9, 11, 13, 13, 13, 13, 13, 13, 14, 14, 14, 14, 14, 14, 14, 14, 16, 16, 16, 16, 16, 16, 16, 16, 17, 17, 17, 17, 17, 17, 17, 17, 17, 17, 17, 17, 17, 17, 17, 18, 18, 18, 18, 18, 18, 20], [4, 5, 5, 5, 9, 11, 13, 15, 15, 15, 15, 15, 16, 16, 16, 16, 16, 16, 16, 16, 17, 17, 17, 17, 17, 18, 18, 18, 19, 19, 19, 19, 19, 19, 19, 19, 19, 19, 19, 19, 19, 19, 19, 20, 20, 20, 20, 20, 20, 22], [4, 5, 5, 5, 9, 11, 13, 15, 15, 15, 15, 16, 18, 18, 18, 18, 18, 18, 18, 18, 19, 19, 19, 19, 19, 19, 19, 20, 21, 21, 21, 21, 21, 21, 21, 21, 21, 21, 21, 21, 21, 21, 21, 22, 22, 24, 24, 24, 24, 24], [4, 5, 5, 5, 9, 11, 13, 15, 15, 15, 15, 19, 20, 20, 20, 20, 20, 20, 20, 20, 21, 21, 21, 21, 21, 21, 21, 21, 23, 23, 23, 23, 23, 23, 23, 23, 23, 23, 23, 23, 23, 23, 23, 24, 24, 26, 26, 26, 26, 28], [4, 5, 5, 5, 9, 11, 13, 15, 15, 15, 15, 19, 23, 23, 23, 23, 23, 23, 23, 23, 23, 23, 23, 23, 23, 23, 23, 23, 24, 24, 24, 24, 24, 24, 24, 24, 24, 24, 24, 24, 24, 24, 24, 26, 26, 28, 28, 28, 28, 30]]
 with seeds: [[[20], [20], [20], [20], [20], [20], [20], [20], [20], [20], [20], [20], [20], [20], [20], [20], [20], [20], [20], [20], [20], [20], [20], [20], [20], [20], [20], [20], [20], [20], [20], [20], [20], [20], [20], [20], [20], [20], [20], [20], [20], [20], [20], [20], [20], [20], [20], [20], [20], [20]], [[20], [20, 13], [20, 13], [20, 13], [20, 13], [20, 44], [20, 7], [20, 7], [20, 7], [20, 7], [20, 7], [20, 7], [20, 32], [20, 32], [20, 32], [20, 32], [20, 32], [20, 32], [20, 32], [20, 32], [20, 43], [20, 43], [20, 43], [20, 43], [20, 43], [20, 43], [20, 43], [20, 43], [20, 16], [20, 16], [20, 16], [20, 16], [20, 16], [20, 16], [20, 16], [20, 16], [20, 16], [20, 16], [20, 16], [20, 16], [20, 16], [20, 16], [20, 16], [20, 49], [20, 49], [20, 49], [20, 49], [20, 49], [20, 49], [20, 1]], [[20], [20, 13], [20, 13, 4], [20, 13, 35], [20, 13, 28], [20, 13, 44], [20, 44, 7], [20, 7, 37], [20, 7, 37], [20, 7, 37], [20, 7, 37], [20, 7, 37], [20, 7, 32], [20, 7, 32], [20, 7, 32], [20, 7, 32], [20, 7, 32], [20, 7, 32], [20, 7, 32], [20, 7, 32], [20, 32, 43], [20, 32, 43], [20, 32, 43], [20, 32, 43], [20, 32, 43], [20, 32, 43], [20, 32, 43], [20, 32, 43], [20, 43, 16], [20, 43, 16], [20, 43, 16], [20, 43, 16], [20, 43, 16], [20, 43, 16], [20, 43, 16], [20, 43, 16], [20, 43, 16], [20, 43, 16], [20, 43, 16], [20, 43, 16], [20, 43, 16], [20, 43, 16], [20, 43, 16], [20, 16, 49], [20, 16, 49], [20, 16, 49], [20, 16, 49], [20, 16, 49], [20, 16, 49], [20, 49, 1]], [[20], [20, 13], [20, 13, 4], [20, 13, 4, 35], [20, 13, 35, 28], [20, 13, 35, 28], [20, 13, 35, 28], [20, 44, 7, 37], [20, 44, 7, 37], [20, 44, 7, 37], [20, 44, 7, 37], [20, 7, 37, 10], [20, 7, 37, 32], [20, 7, 37, 32], [20, 7, 37, 32], [20, 7, 37, 32], [20, 7, 37, 32], [20, 7, 37, 32], [20, 7, 37, 32], [20, 7, 37, 32], [20, 7, 32, 43], [20, 7, 32, 43], [20, 7, 32, 43], [20, 7, 32, 43], [20, 7, 32, 43], [20, 32, 43, 47], [20, 32, 43, 47], [20, 32, 43, 45], [20, 32, 43, 16], [20, 32, 43, 16], [20, 32, 43, 16], [20, 32, 43, 16], [20, 32, 43, 16], [20, 32, 43, 16], [20, 32, 43, 16], [20, 32, 43, 16], [20, 32, 43, 16], [20, 32, 43, 16], [20, 32, 43, 16], [20, 32, 43, 16], [20, 32, 43, 16], [20, 32, 43, 16], [20, 32, 43, 16], [20, 43, 16, 49], [20, 43, 16, 49], [20, 43, 16, 49], [20, 43, 16, 49], [20, 43, 16, 49], [20, 43, 16, 49], [20, 16, 49, 1]], [[20], [20, 13], [20, 13, 4], [20, 13, 4, 35], [20, 13, 4, 35, 28], [20, 13, 35, 28, 44], [20, 13, 35, 28, 7], [20, 13, 35, 28, 7], [20, 13, 35, 28, 7], [20, 13, 35, 28, 7], [20, 13, 35, 28, 7], [20, 13, 35, 28, 7], [20, 7, 37, 10, 32], [20, 7, 37, 10, 32], [20, 7, 37, 10, 32], [20, 7, 37, 10, 32], [20, 7, 37, 10, 32], [20, 7, 37, 10, 32], [20, 7, 37, 10, 32], [20, 7, 37, 10, 32], [20, 7, 37, 32, 43], [20, 7, 37, 32, 43], [20, 7, 37, 32, 43], [20, 7, 37, 32, 43], [20, 7, 37, 32, 43], [20, 7, 32, 43, 47], [20, 7, 32, 43, 47], [20, 32, 43, 47, 45], [20, 32, 43, 45, 16], [20, 32, 43, 45, 16], [20, 32, 43, 45, 16], [20, 32, 43, 45, 16], [20, 32, 43, 45, 16], [20, 32, 43, 45, 16], [20, 32, 43, 45, 16], [20, 32, 43, 45, 16], [20, 32, 43, 45, 16], [20, 32, 43, 45, 16], [20, 32, 43, 45, 16], [20, 32, 43, 45, 16], [20, 32, 43, 45, 16], [20, 32, 43, 45, 16], [20, 32, 43, 45, 16], [20, 32, 43, 16, 49], [20, 32, 43, 16, 49], [20, 32, 43, 16, 49], [20, 32, 43, 16, 49], [20, 32, 43, 16, 49], [20, 32, 43, 16, 49], [20, 43, 16, 49, 1]], [[20], [20, 13], [20, 13, 4], [20, 13, 4, 35], [20, 13, 4, 35, 28], [20, 13, 4, 35, 28, 44], [20, 13, 35, 28, 44, 7], [20, 13, 35, 28, 7, 37], [20, 13, 35, 28, 7, 37], [20, 13, 35, 28, 7, 37], [20, 13, 35, 28, 7, 37], [20, 13, 35, 28, 7, 37], [20, 13, 35, 28, 7, 32], [20, 13, 35, 28, 7, 32], [20, 13, 35, 28, 7, 32], [20, 13, 35, 28, 7, 32], [20, 7, 37, 10, 32, 42], [20, 7, 37, 10, 32, 42], [20, 7, 37, 10, 32, 42], [20, 7, 37, 10, 32, 42], [20, 7, 37, 10, 32, 43], [20, 7, 37, 10, 32, 43], [20, 7, 37, 10, 32, 43], [20, 7, 37, 10, 32, 43], [20, 7, 37, 10, 32, 43], [20, 7, 37, 32, 43, 47], [20, 7, 37, 32, 43, 47], [20, 7, 32, 43, 47, 45], [20, 32, 43, 47, 45, 16], [20, 32, 43, 47, 45, 16], [20, 32, 43, 47, 45, 16], [20, 32, 43, 47, 45, 16], [20, 32, 43, 47, 45, 16], [20, 32, 43, 47, 45, 16], [20, 32, 43, 47, 45, 16], [20, 32, 43, 47, 45, 16], [20, 32, 43, 47, 45, 16], [20, 32, 43, 47, 45, 16], [20, 32, 43, 47, 45, 16], [20, 32, 43, 47, 45, 16], [20, 32, 43, 47, 45, 16], [20, 32, 43, 47, 45, 16], [20, 32, 43, 47, 45, 16], [20, 32, 43, 45, 16, 49], [20, 32, 43, 16, 49, 12], [20, 32, 43, 16, 49, 12], [20, 32, 43, 16, 49, 12], [20, 32, 43, 16, 49, 8], [20, 32, 43, 16, 49, 8], [20, 32, 43, 16, 49, 1]], [[20], [20, 13], [20, 13, 4], [20, 13, 4, 35], [20, 13, 4, 35, 28], [20, 13, 4, 35, 28, 44], [20, 13, 4, 35, 28, 44, 7], [20, 13, 35, 28, 44, 7, 37], [20, 13, 35, 28, 44, 7, 37], [20, 13, 35, 28, 44, 7, 37], [20, 13, 35, 28, 44, 7, 37], [20, 13, 35, 28, 44, 7, 37], [20, 13, 35, 28, 7, 37, 32], [20, 13, 35, 28, 7, 37, 32], [20, 13, 35, 28, 7, 37, 32], [20, 13, 35, 28, 7, 37, 32], [20, 13, 35, 28, 7, 37, 32], [20, 13, 35, 28, 7, 37, 32], [20, 13, 35, 28, 7, 37, 32], [20, 13, 35, 28, 7, 37, 32], [20, 7, 37, 10, 32, 42, 43], [20, 7, 37, 10, 32, 42, 43], [20, 7, 37, 10, 32, 42, 43], [20, 7, 37, 10, 32, 42, 43], [20, 7, 37, 10, 32, 42, 43], [20, 7, 37, 10, 32, 43, 47], [20, 7, 37, 10, 32, 43, 47], [20, 7, 37, 32, 43, 47, 45], [20, 7, 32, 43, 47, 45, 16], [20, 7, 32, 43, 47, 45, 16], [20, 7, 32, 43, 47, 45, 16], [20, 7, 32, 43, 47, 45, 16], [20, 7, 32, 43, 47, 45, 16], [20, 7, 32, 43, 47, 45, 16], [20, 7, 32, 43, 47, 45, 16], [20, 7, 32, 43, 47, 45, 16], [20, 7, 32, 43, 47, 45, 16], [20, 7, 32, 43, 47, 45, 16], [20, 7, 32, 43, 47, 45, 16], [20, 7, 32, 43, 47, 45, 16], [20, 7, 32, 43, 47, 45, 16], [20, 7, 32, 43, 47, 45, 16], [20, 7, 32, 43, 47, 45, 16], [20, 32, 43, 47, 45, 16, 49], [20, 32, 43, 45, 16, 49, 12], [20, 32, 43, 45, 16, 49, 12], [20, 32, 43, 45, 16, 49, 12], [20, 32, 43, 16, 49, 12, 8], [20, 32, 43, 16, 49, 12, 8], [20, 32, 43, 16, 49, 8, 1]], [[20], [20, 13], [20, 13, 4], [20, 13, 4, 35], [20, 13, 4, 35, 28], [20, 13, 4, 35, 28, 44], [20, 13, 4, 35, 28, 44, 7], [20, 13, 4, 35, 28, 44, 7, 37], [20, 13, 35, 28, 44, 7, 37, 3], [20, 13, 35, 28, 44, 7, 37, 21], [20, 13, 35, 28, 44, 7, 37, 31], [20, 13, 35, 28, 44, 7, 37, 10], [20, 13, 35, 28, 44, 7, 37, 32], [20, 13, 35, 28, 44, 7, 37, 32], [20, 13, 35, 28, 44, 7, 37, 32], [20, 13, 35, 28, 44, 7, 37, 32], [20, 13, 35, 28, 44, 7, 37, 32], [20, 13, 35, 28, 44, 7, 37, 32], [20, 13, 35, 28, 44, 7, 37, 32], [20, 13, 35, 28, 44, 7, 37, 32], [20, 13, 35, 28, 7, 37, 32, 43], [20, 13, 35, 28, 7, 37, 32, 43], [20, 13, 35, 28, 7, 37, 32, 43], [20, 13, 35, 28, 7, 37, 32, 43], [20, 13, 35, 28, 7, 37, 32, 43], [20, 7, 37, 10, 32, 42, 43, 47], [20, 7, 37, 10, 32, 42, 43, 47], [20, 7, 37, 10, 32, 43, 47, 45], [20, 7, 37, 32, 43, 47, 45, 16], [20, 7, 37, 32, 43, 47, 45, 16], [20, 7, 37, 32, 43, 47, 45, 16], [20, 7, 37, 32, 43, 47, 45, 16], [20, 7, 37, 32, 43, 47, 45, 16], [20, 7, 37, 32, 43, 47, 45, 16], [20, 7, 37, 32, 43, 47, 45, 16], [20, 7, 37, 32, 43, 47, 45, 16], [20, 7, 37, 32, 43, 47, 45, 16], [20, 7, 37, 32, 43, 47, 45, 16], [20, 7, 37, 32, 43, 47, 45, 16], [20, 7, 37, 32, 43, 47, 45, 16], [20, 7, 37, 32, 43, 47, 45, 16], [20, 7, 37, 32, 43, 47, 45, 16], [20, 7, 37, 32, 43, 47, 45, 16], [20, 7, 32, 43, 47, 45, 16, 49], [20, 32, 43, 47, 45, 16, 49, 12], [20, 32, 43, 45, 16, 49, 12, 27], [20, 32, 43, 45, 16, 49, 12, 27], [20, 32, 43, 45, 16, 49, 12, 27], [20, 32, 43, 45, 16, 49, 12, 27], [20, 32, 43, 16, 49, 12, 8, 1]], [[20], [20, 13], [20, 13, 4], [20, 13, 4, 35], [20, 13, 4, 35, 28], [20, 13, 4, 35, 28, 44], [20, 13, 4, 35, 28, 44, 7], [20, 13, 4, 35, 28, 44, 7, 37], [20, 13, 4, 35, 28, 44, 7, 37, 3], [20, 13, 35, 28, 44, 7, 37, 3, 21], [20, 13, 35, 28, 44, 7, 37, 21, 31], [20, 13, 35, 28, 44, 7, 37, 31, 10], [20, 13, 35, 28, 44, 7, 37, 10, 32], [20, 13, 35, 28, 44, 7, 37, 10, 32], [20, 13, 35, 28, 44, 7, 37, 10, 32], [20, 13, 35, 28, 44, 7, 37, 10, 32], [20, 13, 35, 28, 44, 7, 37, 10, 32], [20, 13, 35, 28, 44, 7, 37, 10, 32], [20, 13, 35, 28, 44, 7, 37, 10, 32], [20, 13, 35, 28, 44, 7, 37, 10, 32], [20, 13, 35, 28, 44, 7, 37, 32, 43], [20, 13, 35, 28, 44, 7, 37, 32, 43], [20, 13, 35, 28, 44, 7, 37, 32, 43], [20, 13, 35, 28, 44, 7, 37, 32, 43], [20, 13, 35, 28, 44, 7, 37, 32, 43], [20, 13, 35, 28, 7, 37, 32, 43, 47], [20, 13, 35, 28, 7, 37, 32, 43, 47], [20, 7, 37, 10, 32, 42, 43, 47, 45], [20, 7, 37, 10, 32, 43, 47, 45, 16], [20, 7, 37, 10, 32, 43, 47, 45, 16], [20, 7, 37, 10, 32, 43, 47, 45, 16], [20, 7, 37, 10, 32, 43, 47, 45, 16], [20, 7, 37, 10, 32, 43, 47, 45, 16], [20, 7, 37, 10, 32, 43, 47, 45, 16], [20, 7, 37, 10, 32, 43, 47, 45, 16], [20, 7, 37, 10, 32, 43, 47, 45, 16], [20, 7, 37, 10, 32, 43, 47, 45, 16], [20, 7, 37, 10, 32, 43, 47, 45, 16], [20, 7, 37, 10, 32, 43, 47, 45, 16], [20, 7, 37, 10, 32, 43, 47, 45, 16], [20, 7, 37, 10, 32, 43, 47, 45, 16], [20, 7, 37, 10, 32, 43, 47, 45, 16], [20, 7, 37, 10, 32, 43, 47, 45, 16], [20, 7, 37, 32, 43, 47, 45, 16, 49], [20, 7, 32, 43, 47, 45, 16, 49, 12], [20, 32, 43, 47, 45, 16, 49, 12, 27], [20, 32, 43, 47, 45, 16, 49, 12, 27], [20, 32, 43, 45, 16, 49, 12, 27, 8], [20, 32, 43, 45, 16, 49, 12, 27, 8], [20, 32, 43, 45, 16, 49, 12, 27, 1]], [[20], [20, 13], [20, 13, 4], [20, 13, 4, 35], [20, 13, 4, 35, 28], [20, 13, 4, 35, 28, 44], [20, 13, 4, 35, 28, 44, 7], [20, 13, 4, 35, 28, 44, 7, 37], [20, 13, 4, 35, 28, 44, 7, 37, 3], [20, 13, 4, 35, 28, 44, 7, 37, 3, 21], [20, 13, 35, 28, 44, 7, 37, 3, 21, 31], [20, 13, 35, 28, 44, 7, 37, 21, 31, 10], [20, 13, 35, 28, 44, 7, 37, 31, 10, 32], [20, 13, 35, 28, 44, 7, 37, 31, 10, 32], [20, 13, 35, 28, 44, 7, 37, 31, 10, 32], [20, 13, 35, 28, 44, 7, 37, 31, 10, 32], [20, 13, 35, 28, 44, 7, 37, 31, 10, 32], [20, 13, 35, 28, 44, 7, 37, 31, 10, 32], [20, 13, 35, 28, 44, 7, 37, 31, 10, 32], [20, 13, 35, 28, 44, 7, 37, 31, 10, 32], [20, 13, 35, 28, 44, 7, 37, 10, 32, 43], [20, 13, 35, 28, 44, 7, 37, 10, 32, 43], [20, 13, 35, 28, 44, 7, 37, 10, 32, 43], [20, 13, 35, 28, 44, 7, 37, 10, 32, 43], [20, 13, 35, 28, 44, 7, 37, 10, 32, 43], [20, 13, 35, 28, 44, 7, 37, 32, 43, 47], [20, 13, 35, 28, 44, 7, 37, 32, 43, 47], [20, 13, 35, 28, 7, 37, 32, 43, 47, 45], [20, 7, 37, 10, 32, 42, 43, 47, 45, 16], [20, 7, 37, 10, 32, 42, 43, 47, 45, 16], [20, 7, 37, 10, 32, 42, 43, 47, 45, 16], [20, 7, 37, 10, 32, 42, 43, 47, 45, 16], [20, 7, 37, 10, 32, 42, 43, 47, 45, 16], [20, 7, 37, 10, 32, 43, 47, 45, 16, 38], [20, 7, 37, 10, 32, 43, 47, 45, 16, 15], [20, 7, 37, 10, 32, 43, 47, 45, 16, 48], [20, 7, 37, 10, 32, 43, 47, 45, 16, 48], [20, 7, 37, 10, 32, 43, 47, 45, 16, 48], [20, 7, 37, 10, 32, 43, 47, 45, 16, 48], [20, 7, 37, 10, 32, 43, 47, 45, 16, 46], [20, 7, 37, 10, 32, 43, 47, 45, 16, 46], [20, 7, 37, 10, 32, 43, 47, 45, 16, 46], [20, 7, 37, 10, 32, 43, 47, 45, 16, 46], [20, 7, 37, 10, 32, 43, 47, 45, 16, 49], [20, 7, 37, 32, 43, 47, 45, 16, 49, 12], [20, 7, 32, 43, 47, 45, 16, 49, 12, 27], [20, 7, 32, 43, 47, 45, 16, 49, 12, 27], [20, 32, 43, 47, 45, 16, 49, 12, 27, 8], [20, 32, 43, 47, 45, 16, 49, 12, 27, 8], [20, 32, 43, 45, 16, 49, 12, 27, 8, 1]]]
  regular DP payoff: [[0, 0, 3, 3, 3, 3, 3, 3, 3, 3, 3, 3, 3, 3, 3, 3, 3, 3, 3, 3, 3, 4, 4, 4, 4, 4, 4, 4, 4, 4, 4, 4, 4, 4, 4, 4, 4, 4, 4, 4, 4, 4, 4, 4, 4, 4, 4, 4, 4, 4], [0, 3, 3, 3, 3, 4, 4, 4, 4, 4, 4, 4, 4, 4, 5, 5, 5, 6, 6, 6, 6, 7, 7, 7, 7, 7, 7, 7, 7, 7, 7, 7, 7, 7, 7, 7, 7, 8, 8, 8, 8, 8, 8, 8, 8, 8, 8, 8, 8, 8], [0, 3, 6, 6, 6, 6, 6, 6, 6, 6, 6, 6, 6, 6, 6, 6, 6, 8, 8, 8, 8, 10, 10, 10, 10, 10, 10, 10, 10, 10, 10, 10, 10, 10, 10, 10, 10, 11, 11, 12, 12, 12, 12, 12, 12, 12, 12, 12, 12, 12], [0, 3, 6, 6, 6, 7, 7, 7, 7, 7, 7, 7, 7, 7, 8, 8, 8, 10, 10, 10, 10, 12, 12, 12, 12, 12, 12, 12, 12, 12, 12, 12, 12, 12, 12, 12, 12, 14, 14, 15, 16, 16, 16, 16, 16, 16, 16, 16, 16, 16], [0, 3, 6, 6, 7, 7, 8, 8, 8, 8, 8, 8, 8, 8, 9, 9, 9, 11, 11, 11, 11, 14, 14, 14, 14, 14, 14, 14, 14, 14, 14, 14, 16, 16, 16, 16, 16, 16, 16, 18, 19, 19, 19, 19, 19, 19, 19, 19, 19, 19], [0, 3, 6, 6, 7, 8, 8, 9, 9, 9, 9, 9, 9, 9, 10, 10, 10, 13, 13, 13, 13, 15, 16, 16, 16, 16, 16, 16, 16, 16, 16, 16, 18, 18, 18, 18, 18, 20, 20, 20, 22, 22, 22, 22, 22, 22, 22, 22, 22, 22], [0, 3, 6, 6, 7, 8, 9, 9, 10, 10, 10, 10, 10, 10, 11, 11, 11, 14, 14, 14, 14, 17, 17, 18, 18, 18, 18, 18, 18, 18, 18, 18, 20, 20, 20, 20, 20, 22, 22, 24, 24, 24, 24, 24, 24, 25, 25, 25, 25, 25], [0, 3, 6, 6, 7, 8, 9, 10, 10, 10, 10, 11, 11, 11, 12, 12, 12, 15, 15, 15, 15, 18, 19, 19, 19, 19, 20, 20, 20, 20, 20, 20, 22, 22, 22, 22, 22, 24, 24, 26, 28, 28, 28, 28, 28, 28, 28, 28, 28, 28], [0, 3, 6, 6, 7, 8, 9, 10, 11, 11, 11, 11, 11, 11, 13, 13, 13, 16, 16, 16, 16, 19, 20, 21, 21, 21, 21, 21, 21, 21, 21, 22, 24, 24, 24, 24, 24, 26, 26, 28, 30, 30, 30, 30, 30, 31, 31, 31, 31, 31], [0, 3, 6, 6, 7, 8, 9, 10, 11, 11, 11, 12, 13, 13, 13, 13, 14, 17, 17, 17, 17, 20, 21, 22, 22, 22, 23, 23, 23, 23, 23, 24, 26, 26, 26, 26, 26, 28, 28, 30, 32, 32, 32, 32, 32, 33, 33, 33, 33, 33]]
 with seeds: [[[24], [24], [19], [19], [19], [19], [19], [19], [19], [19], [19], [19], [19], [19], [19], [19], [19], [19], [19], [19], [19], [9], [9], [9], [9], [9], [9], [9], [9], [9], [9], [9], [9], [9], [9], [9], [9], [9], [9], [9], [9], [9], [9], [9], [9], [9], [9], [9], [9], [9]], [[24], [24, 16], [24, 19], [19, 28], [19, 25], [19, 31], [19, 39], [19, 30], [19, 34], [19, 34], [19, 34], [19, 18], [19, 18], [19, 18], [19, 21], [19, 21], [19, 21], [19, 41], [19, 41], [19, 41], [19, 41], [19, 9], [19, 9], [19, 9], [19, 9], [19, 9], [19, 9], [19, 9], [19, 9], [19, 9], [19, 9], [19, 9], [19, 9], [19, 9], [19, 9], [19, 9], [19, 9], [9, 17], [9, 17], [9, 32], [9, 32], [9, 32], [9, 32], [9, 32], [9, 32], [9, 32], [9, 32], [9, 32], [9, 32], [9, 32]], [[24], [24, 16], [24, 16, 19], [24, 16, 19], [24, 16, 19], [24, 16, 19], [24, 16, 19], [24, 16, 19], [24, 16, 19], [24, 16, 19], [24, 16, 19], [24, 16, 19], [24, 16, 19], [24, 16, 19], [19, 18, 21], [19, 18, 21], [19, 21, 29], [19, 21, 41], [19, 21, 41], [19, 21, 41], [19, 21, 41], [19, 41, 9], [19, 41, 9], [19, 41, 9], [19, 41, 9], [19, 41, 9], [19, 41, 9], [19, 41, 9], [19, 41, 9], [19, 41, 9], [19, 41, 9], [19, 41, 9], [19, 41, 9], [19, 41, 9], [19, 41, 9], [19, 41, 9], [19, 41, 9], [19, 9, 17], [19, 9, 17], [9, 17, 32], [9, 17, 32], [9, 17, 32], [9, 17, 32], [9, 17, 32], [9, 17, 32], [9, 17, 32], [9, 17, 32], [9, 17, 32], [9, 17, 32], [9, 17, 32]], [[24], [24, 16], [24, 16, 19], [24, 16, 19, 28], [24, 16, 19, 25], [24, 16, 19, 31], [24, 16, 19, 39], [24, 16, 19, 30], [24, 16, 19, 34], [24, 16, 19, 34], [24, 16, 19, 34], [24, 16, 19, 18], [24, 16, 19, 18], [24, 16, 19, 18], [24, 16, 19, 21], [24, 16, 19, 21], [24, 16, 19, 21], [19, 21, 29, 41], [19, 21, 29, 41], [19, 21, 29, 41], [19, 21, 29, 41], [19, 21, 41, 9], [19, 41, 9, 6], [19, 41, 9, 6], [19, 41, 9, 6], [19, 41, 9, 6], [19, 41, 9, 0], [19, 41, 9, 0], [19, 41, 9, 0], [19, 41, 9, 0], [19, 41, 9, 0], [19, 41, 9, 22], [19, 41, 9, 5], [19, 41, 9, 5], [19, 41, 9, 5], [19, 41, 9, 5], [19, 41, 9, 5], [19, 41, 9, 17], [19, 41, 9, 17], [19, 9, 17, 32], [9, 17, 32, 26], [9, 17, 32, 26], [9, 17, 32, 26], [9, 17, 32, 26], [9, 17, 32, 26], [9, 17, 32, 26], [9, 17, 32, 26], [9, 17, 32, 26], [9, 17, 32, 26], [9, 17, 32, 26]], [[24], [24, 16], [24, 16, 19], [24, 16, 19, 28], [24, 16, 19, 28, 25], [24, 16, 19, 25, 31], [24, 16, 19, 31, 39], [24, 16, 19, 39, 30], [24, 16, 19, 30, 34], [24, 16, 19, 30, 34], [24, 16, 19, 30, 34], [24, 16, 19, 34, 18], [24, 16, 19, 34, 18], [24, 16, 19, 34, 18], [24, 16, 19, 18, 21], [24, 16, 19, 18, 21], [24, 16, 19, 21, 29], [24, 16, 19, 21, 41], [24, 16, 19, 21, 41], [24, 16, 19, 21, 41], [24, 16, 19, 21, 41], [19, 21, 29, 41, 9], [19, 21, 41, 9, 6], [19, 41, 9, 6, 37], [19, 41, 9, 6, 37], [19, 41, 9, 6, 37], [19, 41, 9, 6, 0], [19, 41, 9, 6, 0], [19, 41, 9, 6, 0], [19, 41, 9, 6, 0], [19, 41, 9, 6, 0], [19, 41, 9, 0, 22], [19, 41, 9, 22, 5], [19, 41, 9, 22, 5], [19, 41, 9, 22, 5], [19, 41, 9, 22, 5], [19, 41, 9, 22, 5], [19, 41, 9, 5, 17], [19, 41, 9, 5, 17], [19, 41, 9, 17, 32], [19, 9, 17, 32, 26], [19, 9, 17, 32, 26], [19, 9, 17, 32, 26], [19, 9, 17, 32, 26], [19, 9, 17, 32, 26], [9, 17, 32, 26, 14], [9, 17, 32, 26, 14], [9, 17, 32, 26, 14], [9, 17, 32, 26, 14], [9, 17, 32, 26, 14]], [[24], [24, 16], [24, 16, 19], [24, 16, 19, 28], [24, 16, 19, 28, 25], [24, 16, 19, 28, 25, 31], [24, 16, 19, 25, 31, 39], [24, 16, 19, 31, 39, 30], [24, 16, 19, 39, 30, 34], [24, 16, 19, 39, 30, 34], [24, 16, 19, 39, 30, 34], [24, 16, 19, 30, 34, 18], [24, 16, 19, 30, 34, 18], [24, 16, 19, 30, 34, 18], [24, 16, 19, 34, 18, 21], [24, 16, 19, 34, 18, 21], [24, 16, 19, 18, 21, 29], [24, 16, 19, 21, 29, 41], [24, 16, 19, 21, 29, 41], [24, 16, 19, 21, 29, 41], [24, 16, 19, 21, 29, 41], [24, 16, 19, 21, 41, 9], [19, 21, 29, 41, 9, 6], [19, 21, 41, 9, 6, 37], [19, 21, 41, 9, 6, 37], [19, 21, 41, 9, 6, 37], [19, 41, 9, 6, 37, 0], [19, 41, 9, 6, 37, 0], [19, 41, 9, 6, 37, 0], [19, 41, 9, 6, 37, 0], [19, 41, 9, 6, 37, 0], [19, 41, 9, 6, 0, 22], [19, 41, 9, 0, 22, 5], [19, 41, 9, 0, 22, 5], [19, 41, 9, 0, 22, 5], [19, 41, 9, 0, 22, 5], [19, 41, 9, 0, 22, 5], [19, 41, 9, 22, 5, 17], [19, 41, 9, 22, 5, 17], [19, 41, 9, 5, 17, 32], [19, 41, 9, 17, 32, 26], [19, 41, 9, 17, 32, 26], [19, 41, 9, 17, 32, 26], [19, 41, 9, 17, 32, 26], [19, 41, 9, 17, 32, 26], [19, 9, 17, 32, 26, 14], [19, 9, 17, 32, 26, 14], [19, 9, 17, 32, 26, 14], [19, 9, 17, 32, 26, 14], [19, 9, 17, 32, 26, 14]], [[24], [24, 16], [24, 16, 19], [24, 16, 19, 28], [24, 16, 19, 28, 25], [24, 16, 19, 28, 25, 31], [24, 16, 19, 28, 25, 31, 39], [24, 16, 19, 25, 31, 39, 30], [24, 16, 19, 31, 39, 30, 34], [24, 16, 19, 31, 39, 30, 34], [24, 16, 19, 31, 39, 30, 34], [24, 16, 19, 39, 30, 34, 18], [24, 16, 19, 39, 30, 34, 18], [24, 16, 19, 39, 30, 34, 18], [24, 16, 19, 30, 34, 18, 21], [24, 16, 19, 30, 34, 18, 21], [24, 16, 19, 34, 18, 21, 29], [24, 16, 19, 18, 21, 29, 41], [24, 16, 19, 18, 21, 29, 41], [24, 16, 19, 18, 21, 29, 41], [24, 16, 19, 18, 21, 29, 41], [24, 16, 19, 21, 29, 41, 9], [24, 16, 19, 21, 41, 9, 6], [19, 21, 29, 41, 9, 6, 37], [19, 21, 29, 41, 9, 6, 37], [19, 21, 29, 41, 9, 6, 37], [19, 21, 41, 9, 6, 37, 0], [19, 21, 41, 9, 6, 37, 0], [19, 21, 41, 9, 6, 37, 0], [19, 21, 41, 9, 6, 37, 0], [19, 21, 41, 9, 6, 37, 0], [19, 41, 9, 6, 37, 0, 22], [19, 41, 9, 6, 0, 22, 5], [19, 41, 9, 6, 0, 22, 5], [19, 41, 9, 6, 0, 22, 5], [19, 41, 9, 6, 0, 22, 5], [19, 41, 9, 6, 0, 22, 5], [19, 41, 9, 0, 22, 5, 17], [19, 41, 9, 0, 22, 5, 17], [19, 41, 9, 22, 5, 17, 32], [19, 41, 9, 5, 17, 32, 26], [19, 41, 9, 5, 17, 32, 26], [19, 41, 9, 5, 17, 32, 26], [19, 41, 9, 5, 17, 32, 26], [19, 41, 9, 5, 17, 32, 26], [19, 41, 9, 17, 32, 26, 14], [19, 41, 9, 17, 32, 26, 14], [19, 41, 9, 17, 32, 26, 14], [19, 41, 9, 17, 32, 26, 14], [19, 41, 9, 17, 32, 26, 14]], [[24], [24, 16], [24, 16, 19], [24, 16, 19, 28], [24, 16, 19, 28, 25], [24, 16, 19, 28, 25, 31], [24, 16, 19, 28, 25, 31, 39], [24, 16, 19, 28, 25, 31, 39, 30], [24, 16, 19, 25, 31, 39, 30, 34], [24, 16, 19, 31, 39, 30, 34, 44], [24, 16, 19, 31, 39, 30, 34, 12], [24, 16, 19, 31, 39, 30, 34, 18], [24, 16, 19, 31, 39, 30, 34, 18], [24, 16, 19, 31, 39, 30, 34, 18], [24, 16, 19, 39, 30, 34, 18, 21], [24, 16, 19, 39, 30, 34, 18, 21], [24, 16, 19, 30, 34, 18, 21, 29], [24, 16, 19, 34, 18, 21, 29, 41], [24, 16, 19, 34, 18, 21, 29, 41], [24, 16, 19, 34, 18, 21, 29, 41], [24, 16, 19, 34, 18, 21, 29, 41], [24, 16, 19, 18, 21, 29, 41, 9], [24, 16, 19, 21, 29, 41, 9, 6], [24, 16, 19, 21, 41, 9, 6, 37], [19, 21, 29, 41, 9, 6, 37, 7], [19, 21, 29, 41, 9, 6, 37, 7], [19, 21, 29, 41, 9, 6, 37, 0], [19, 21, 29, 41, 9, 6, 37, 0], [19, 21, 29, 41, 9, 6, 37, 0], [19, 21, 29, 41, 9, 6, 37, 0], [19, 21, 29, 41, 9, 6, 37, 0], [19, 21, 41, 9, 6, 37, 0, 22], [19, 41, 9, 6, 37, 0, 22, 5], [19, 41, 9, 6, 37, 0, 22, 5], [19, 41, 9, 6, 37, 0, 22, 5], [19, 41, 9, 6, 37, 0, 22, 5], [19, 41, 9, 6, 37, 0, 22, 5], [19, 41, 9, 6, 0, 22, 5, 17], [19, 41, 9, 6, 0, 22, 5, 17], [19, 41, 9, 0, 22, 5, 17, 32], [19, 41, 9, 22, 5, 17, 32, 26], [19, 41, 9, 22, 5, 17, 32, 26], [19, 41, 9, 22, 5, 17, 32, 26], [19, 41, 9, 22, 5, 17, 32, 26], [19, 41, 9, 22, 5, 17, 32, 26], [19, 41, 9, 22, 5, 17, 32, 26], [19, 41, 9, 22, 5, 17, 32, 26], [19, 41, 9, 22, 5, 17, 32, 26], [19, 41, 9, 22, 5, 17, 32, 26], [19, 41, 9, 22, 5, 17, 32, 26]], [[24], [24, 16], [24, 16, 19], [24, 16, 19, 28], [24, 16, 19, 28, 25], [24, 16, 19, 28, 25, 31], [24, 16, 19, 28, 25, 31, 39], [24, 16, 19, 28, 25, 31, 39, 30], [24, 16, 19, 28, 25, 31, 39, 30, 34], [24, 16, 19, 28, 25, 31, 39, 30, 34], [24, 16, 19, 28, 25, 31, 39, 30, 34], [24, 16, 19, 31, 39, 30, 34, 12, 18], [24, 16, 19, 31, 39, 30, 34, 18, 38], [24, 16, 19, 31, 39, 30, 34, 18, 11], [24, 16, 19, 31, 39, 30, 34, 18, 21], [24, 16, 19, 31, 39, 30, 34, 18, 21], [24, 16, 19, 39, 30, 34, 18, 21, 29], [24, 16, 19, 30, 34, 18, 21, 29, 41], [24, 16, 19, 30, 34, 18, 21, 29, 41], [24, 16, 19, 30, 34, 18, 21, 29, 41], [24, 16, 19, 30, 34, 18, 21, 29, 41], [24, 16, 19, 34, 18, 21, 29, 41, 9], [24, 16, 19, 18, 21, 29, 41, 9, 6], [24, 16, 19, 21, 29, 41, 9, 6, 37], [24, 16, 19, 21, 29, 41, 9, 6, 37], [24, 16, 19, 21, 29, 41, 9, 6, 37], [19, 21, 29, 41, 9, 6, 37, 7, 0], [19, 21, 29, 41, 9, 6, 37, 7, 0], [19, 21, 29, 41, 9, 6, 37, 7, 0], [19, 21, 29, 41, 9, 6, 37, 7, 0], [19, 21, 29, 41, 9, 6, 37, 0, 43], [19, 21, 29, 41, 9, 6, 37, 0, 22], [19, 21, 41, 9, 6, 37, 0, 22, 5], [19, 21, 41, 9, 6, 37, 0, 22, 5], [19, 21, 41, 9, 6, 37, 0, 22, 5], [19, 21, 41, 9, 6, 37, 0, 22, 5], [19, 21, 41, 9, 6, 37, 0, 22, 5], [19, 41, 9, 6, 37, 0, 22, 5, 17], [19, 41, 9, 6, 37, 0, 22, 5, 17], [19, 41, 9, 6, 0, 22, 5, 17, 32], [19, 41, 9, 0, 22, 5, 17, 32, 26], [19, 41, 9, 0, 22, 5, 17, 32, 26], [19, 41, 9, 0, 22, 5, 17, 32, 26], [19, 41, 9, 0, 22, 5, 17, 32, 26], [19, 41, 9, 0, 22, 5, 17, 32, 26], [19, 41, 9, 22, 5, 17, 32, 26, 14], [19, 41, 9, 22, 5, 17, 32, 26, 14], [19, 41, 9, 22, 5, 17, 32, 26, 14], [19, 41, 9, 22, 5, 17, 32, 26, 14], [19, 41, 9, 22, 5, 17, 32, 26, 14]], [[24], [24, 16], [24, 16, 19], [24, 16, 19, 28], [24, 16, 19, 28, 25], [24, 16, 19, 28, 25, 31], [24, 16, 19, 28, 25, 31, 39], [24, 16, 19, 28, 25, 31, 39, 30], [24, 16, 19, 28, 25, 31, 39, 30, 34], [24, 16, 19, 28, 25, 31, 39, 30, 34, 44], [24, 16, 19, 28, 25, 31, 39, 30, 34, 12], [24, 16, 19, 28, 25, 31, 39, 30, 34, 18], [24, 16, 19, 31, 39, 30, 34, 12, 18, 38], [24, 16, 19, 31, 39, 30, 34, 12, 18, 38], [24, 16, 19, 31, 39, 30, 34, 18, 11, 21], [24, 16, 19, 31, 39, 30, 34, 18, 21, 13], [24, 16, 19, 31, 39, 30, 34, 18, 21, 29], [24, 16, 19, 39, 30, 34, 18, 21, 29, 41], [24, 16, 19, 39, 30, 34, 18, 21, 29, 41], [24, 16, 19, 39, 30, 34, 18, 21, 29, 41], [24, 16, 19, 39, 30, 34, 18, 21, 29, 41], [24, 16, 19, 30, 34, 18, 21, 29, 41, 9], [24, 16, 19, 34, 18, 21, 29, 41, 9, 6], [24, 16, 19, 18, 21, 29, 41, 9, 6, 37], [24, 16, 19, 21, 29, 41, 9, 6, 37, 7], [24, 16, 19, 21, 29, 41, 9, 6, 37, 7], [24, 16, 19, 21, 29, 41, 9, 6, 37, 0], [24, 16, 19, 21, 29, 41, 9, 6, 37, 0], [24, 16, 19, 21, 29, 41, 9, 6, 37, 0], [24, 16, 19, 21, 29, 41, 9, 6, 37, 0], [24, 16, 19, 21, 29, 41, 9, 6, 37, 0], [19, 21, 29, 41, 9, 6, 37, 0, 43, 22], [19, 21, 29, 41, 9, 6, 37, 0, 22, 5], [19, 21, 29, 41, 9, 6, 37, 0, 22, 5], [19, 21, 29, 41, 9, 6, 37, 0, 22, 5], [19, 21, 29, 41, 9, 6, 37, 0, 22, 5], [19, 21, 29, 41, 9, 6, 37, 0, 22, 5], [19, 21, 41, 9, 6, 37, 0, 22, 5, 17], [19, 21, 41, 9, 6, 37, 0, 22, 5, 17], [19, 41, 9, 6, 37, 0, 22, 5, 17, 32], [19, 41, 9, 6, 0, 22, 5, 17, 32, 26], [19, 41, 9, 6, 0, 22, 5, 17, 32, 26], [19, 41, 9, 6, 0, 22, 5, 17, 32, 26], [19, 41, 9, 6, 0, 22, 5, 17, 32, 26], [19, 41, 9, 6, 0, 22, 5, 17, 32, 26], [19, 41, 9, 0, 22, 5, 17, 32, 26, 14], [19, 41, 9, 22, 5, 17, 32, 26, 14, 10], [19, 41, 9, 22, 5, 17, 32, 26, 14, 10], [19, 41, 9, 22, 5, 17, 32, 26, 14, 10], [19, 41, 9, 22, 5, 17, 32, 26, 14, 10]]]
  regular DP payoff: [[4, 4, 4, 4, 4, 4, 4, 4, 4, 4, 4, 4, 4, 4, 4, 4, 4, 4, 4, 4, 4, 4, 4, 4, 4, 4, 4, 4, 4, 4, 4, 4, 4, 4, 4, 4, 4, 4, 4, 4, 4, 4, 4, 4, 4, 4, 4, 4, 4, 4], [4, 4, 5, 5, 5, 6, 6, 7, 7, 7, 7, 7, 7, 7, 8, 8, 8, 8, 8, 8, 8, 8, 8, 8, 8, 8, 8, 8, 8, 8, 8, 8, 8, 8, 8, 8, 8, 8, 8, 8, 8, 8, 8, 8, 8, 8, 8, 8, 8, 8], [4, 4, 5, 5, 5, 7, 7, 9, 9, 9, 9, 9, 9, 9, 11, 11, 11, 11, 11, 11, 11, 11, 11, 11, 11, 11, 11, 11, 11, 11, 11, 11, 11, 11, 11, 11, 11, 11, 11, 11, 11, 11, 11, 11, 11, 11, 11, 11, 11, 11], [4, 4, 5, 5, 5, 7, 8, 11, 11, 11, 11, 11, 11, 12, 13, 13, 13, 13, 13, 13, 13, 13, 13, 14, 14, 14, 14, 14, 14, 14, 14, 14, 14, 14, 14, 14, 14, 14, 14, 14, 14, 14, 14, 14, 14, 14, 14, 14, 14, 14], [4, 4, 5, 5, 8, 8, 8, 12, 13, 13, 13, 13, 13, 14, 16, 16, 16, 16, 16, 16, 16, 16, 16, 16, 16, 16, 16, 16, 16, 16, 16, 16, 16, 16, 16, 16, 16, 16, 16, 16, 16, 16, 16, 16, 16, 16, 16, 16, 16, 17], [4, 4, 5, 5, 8, 10, 10, 12, 14, 15, 15, 15, 15, 16, 18, 18, 18, 18, 18, 18, 18, 18, 18, 19, 19, 19, 19, 19, 19, 19, 19, 19, 19, 19, 19, 19, 19, 19, 19, 19, 19, 19, 19, 19, 19, 19, 19, 19, 19, 20], [4, 4, 5, 5, 8, 10, 11, 13, 14, 16, 16, 17, 17, 18, 20, 20, 20, 20, 20, 20, 20, 20, 20, 21, 21, 21, 21, 21, 21, 21, 21, 21, 21, 21, 21, 21, 21, 21, 21, 21, 21, 21, 21, 21, 21, 21, 21, 21, 21, 22], [4, 4, 5, 5, 8, 10, 11, 15, 15, 16, 17, 18, 18, 20, 22, 22, 22, 22, 22, 22, 22, 22, 22, 23, 23, 23, 23, 23, 23, 23, 23, 23, 23, 23, 23, 23, 23, 23, 23, 23, 23, 23, 23, 23, 23, 23, 23, 23, 23, 25], [4, 4, 5, 5, 8, 10, 11, 15, 17, 17, 17, 19, 19, 21, 24, 24, 24, 24, 24, 24, 24, 24, 24, 25, 25, 25, 25, 25, 25, 25, 25, 25, 25, 25, 25, 25, 25, 25, 25, 25, 25, 25, 25, 25, 25, 25, 25, 25, 25, 27], [4, 4, 5, 5, 8, 10, 11, 15, 17, 19, 19, 19, 20, 22, 25, 25, 25, 25, 25, 25, 25, 25, 26, 27, 27, 27, 27, 27, 27, 27, 27, 27, 27, 27, 27, 27, 27, 27, 27, 27, 27, 27, 27, 27, 27, 27, 27, 27, 27, 29]]
 with seeds: [[[7], [7], [7], [7], [7], [7], [7], [7], [7], [7], [7], [7], [7], [7], [7], [7], [7], [7], [7], [7], [7], [7], [7], [7], [7], [7], [7], [7], [7], [7], [7], [7], [7], [7], [7], [7], [7], [7], [7], [7], [7], [7], [7], [7], [7], [7], [7], [7], [7], [7]], [[7], [7, 8], [7, 22], [7, 22], [7, 22], [7, 48], [7, 48], [7, 2], [7, 2], [7, 2], [7, 2], [7, 2], [7, 2], [7, 2], [7, 0], [7, 0], [7, 0], [7, 0], [7, 0], [7, 0], [7, 0], [7, 0], [7, 0], [7, 0], [7, 0], [7, 0], [7, 0], [7, 0], [7, 0], [7, 0], [7, 0], [7, 0], [7, 0], [7, 0], [7, 0], [7, 0], [7, 0], [7, 0], [7, 0], [7, 0], [7, 0], [7, 0], [7, 0], [7, 0], [7, 0], [7, 0], [7, 0], [7, 0], [7, 0], [7, 0]], [[7], [7, 8], [7, 8, 22], [7, 22, 28], [7, 22, 41], [7, 22, 48], [7, 48, 12], [7, 48, 2], [7, 2, 30], [7, 2, 47], [7, 2, 47], [7, 2, 17], [7, 2, 17], [7, 2, 17], [7, 2, 0], [7, 2, 0], [7, 2, 0], [7, 2, 0], [7, 2, 0], [7, 2, 0], [7, 2, 0], [7, 2, 0], [7, 2, 0], [7, 0, 14], [7, 0, 14], [7, 0, 14], [7, 0, 14], [7, 0, 14], [7, 0, 14], [7, 0, 14], [7, 0, 14], [7, 0, 14], [7, 0, 14], [7, 0, 14], [7, 0, 14], [7, 0, 14], [7, 0, 14], [7, 0, 14], [7, 0, 14], [7, 0, 14], [7, 0, 14], [7, 0, 14], [7, 0, 14], [7, 0, 14], [7, 0, 14], [7, 0, 14], [7, 0, 14], [7, 0, 14], [7, 0, 14], [7, 0, 1]], [[7], [7, 8], [7, 8, 22], [7, 8, 22, 28], [7, 22, 28, 41], [7, 22, 41, 48], [7, 22, 48, 12], [7, 48, 12, 2], [7, 48, 2, 30], [7, 2, 30, 47], [7, 2, 30, 47], [7, 2, 47, 17], [7, 2, 47, 17], [7, 2, 17, 5], [7, 2, 17, 0], [7, 2, 17, 0], [7, 2, 17, 0], [7, 2, 17, 0], [7, 2, 17, 0], [7, 2, 17, 0], [7, 2, 17, 0], [7, 2, 17, 0], [7, 2, 0, 6], [7, 2, 0, 14], [7, 2, 0, 14], [7, 2, 0, 14], [7, 2, 0, 14], [7, 2, 0, 14], [7, 2, 0, 14], [7, 2, 0, 14], [7, 2, 0, 14], [7, 2, 0, 14], [7, 2, 0, 14], [7, 2, 0, 14], [7, 2, 0, 14], [7, 2, 0, 14], [7, 2, 0, 14], [7, 2, 0, 14], [7, 2, 0, 14], [7, 2, 0, 14], [7, 2, 0, 14], [7, 2, 0, 14], [7, 2, 0, 14], [7, 2, 0, 14], [7, 2, 0, 14], [7, 2, 0, 14], [7, 2, 0, 14], [7, 2, 0, 14], [7, 2, 0, 14], [7, 0, 14, 1]], [[7], [7, 8], [7, 8, 22], [7, 8, 22, 28], [7, 8, 22, 28, 41], [7, 8, 22, 28, 41], [7, 22, 41, 48, 12], [7, 22, 48, 12, 2], [7, 48, 12, 2, 30], [7, 48, 2, 30, 47], [7, 48, 2, 30, 47], [7, 2, 30, 47, 17], [7, 2, 30, 47, 17], [7, 2, 47, 17, 5], [7, 2, 17, 5, 0], [7, 2, 17, 5, 0], [7, 2, 17, 5, 0], [7, 2, 17, 5, 0], [7, 2, 17, 5, 0], [7, 2, 17, 5, 0], [7, 2, 17, 5, 0], [7, 2, 17, 5, 0], [7, 2, 17, 5, 0], [7, 2, 0, 6, 14], [7, 2, 0, 6, 14], [7, 2, 0, 6, 14], [7, 2, 0, 6, 14], [7, 2, 0, 6, 14], [7, 2, 0, 6, 14], [7, 2, 0, 6, 14], [7, 2, 0, 6, 14], [7, 2, 0, 14, 42], [7, 2, 0, 14, 42], [7, 2, 0, 14, 42], [7, 2, 0, 14, 42], [7, 2, 0, 14, 42], [7, 2, 0, 14, 42], [7, 2, 0, 14, 42], [7, 2, 0, 14, 42], [7, 2, 0, 14, 42], [7, 2, 0, 14, 42], [7, 2, 0, 14, 42], [7, 2, 0, 14, 42], [7, 2, 0, 14, 42], [7, 2, 0, 14, 42], [7, 2, 0, 14, 42], [7, 2, 0, 14, 42], [7, 2, 0, 14, 42], [7, 2, 0, 14, 10], [7, 2, 0, 14, 1]], [[7], [7, 8], [7, 8, 22], [7, 8, 22, 28], [7, 8, 22, 28, 41], [7, 8, 22, 28, 41, 48], [7, 8, 22, 28, 41, 48], [7, 22, 41, 48, 12, 2], [7, 22, 48, 12, 2, 30], [7, 48, 12, 2, 30, 47], [7, 48, 12, 2, 30, 47], [7, 48, 2, 30, 47, 17], [7, 48, 2, 30, 47, 17], [7, 2, 30, 47, 17, 5], [7, 2, 47, 17, 5, 0], [7, 2, 47, 17, 5, 0], [7, 2, 47, 17, 5, 0], [7, 2, 47, 17, 5, 0], [7, 2, 47, 17, 5, 0], [7, 2, 47, 17, 5, 0], [7, 2, 47, 17, 5, 0], [7, 2, 47, 17, 5, 0], [7, 2, 17, 5, 0, 6], [7, 2, 17, 5, 0, 14], [7, 2, 17, 5, 0, 14], [7, 2, 17, 5, 0, 14], [7, 2, 17, 5, 0, 14], [7, 2, 17, 5, 0, 14], [7, 2, 17, 5, 0, 14], [7, 2, 17, 5, 0, 14], [7, 2, 17, 5, 0, 14], [7, 2, 17, 5, 0, 14], [7, 2, 17, 5, 0, 14], [7, 2, 17, 5, 0, 14], [7, 2, 17, 5, 0, 14], [7, 2, 17, 5, 0, 14], [7, 2, 17, 5, 0, 14], [7, 2, 17, 5, 0, 14], [7, 2, 17, 5, 0, 14], [7, 2, 17, 5, 0, 14], [7, 2, 17, 5, 0, 14], [7, 2, 17, 5, 0, 14], [7, 2, 17, 5, 0, 14], [7, 2, 17, 5, 0, 14], [7, 2, 17, 5, 0, 14], [7, 2, 17, 5, 0, 14], [7, 2, 17, 5, 0, 14], [7, 2, 17, 5, 0, 14], [7, 2, 17, 5, 0, 14], [7, 2, 0, 14, 10, 1]], [[7], [7, 8], [7, 8, 22], [7, 8, 22, 28], [7, 8, 22, 28, 41], [7, 8, 22, 28, 41, 48], [7, 8, 22, 28, 41, 48, 12], [7, 8, 22, 28, 41, 48, 2], [7, 22, 41, 48, 12, 2, 30], [7, 22, 48, 12, 2, 30, 47], [7, 48, 12, 2, 30, 47, 23], [7, 48, 12, 2, 30, 47, 17], [7, 48, 12, 2, 30, 47, 17], [7, 48, 2, 30, 47, 17, 5], [7, 2, 30, 47, 17, 5, 0], [7, 2, 30, 47, 17, 5, 0], [7, 2, 30, 47, 17, 5, 0], [7, 2, 30, 47, 17, 5, 0], [7, 2, 30, 47, 17, 5, 0], [7, 2, 30, 47, 17, 5, 0], [7, 2, 30, 47, 17, 5, 0], [7, 2, 30, 47, 17, 5, 0], [7, 2, 47, 17, 5, 0, 6], [7, 2, 17, 5, 0, 6, 14], [7, 2, 17, 5, 0, 6, 14], [7, 2, 17, 5, 0, 6, 14], [7, 2, 17, 5, 0, 6, 14], [7, 2, 17, 5, 0, 6, 14], [7, 2, 17, 5, 0, 6, 14], [7, 2, 17, 5, 0, 6, 14], [7, 2, 17, 5, 0, 6, 14], [7, 2, 17, 5, 0, 14, 42], [7, 2, 17, 5, 0, 14, 42], [7, 2, 17, 5, 0, 14, 42], [7, 2, 17, 5, 0, 14, 42], [7, 2, 17, 5, 0, 14, 42], [7, 2, 17, 5, 0, 14, 42], [7, 2, 17, 5, 0, 14, 42], [7, 2, 17, 5, 0, 14, 42], [7, 2, 17, 5, 0, 14, 42], [7, 2, 17, 5, 0, 14, 42], [7, 2, 17, 5, 0, 14, 42], [7, 2, 17, 5, 0, 14, 42], [7, 2, 17, 5, 0, 14, 42], [7, 2, 17, 5, 0, 14, 42], [7, 2, 17, 5, 0, 14, 42], [7, 2, 17, 5, 0, 14, 42], [7, 2, 17, 5, 0, 14, 42], [7, 2, 17, 5, 0, 14, 10], [7, 2, 17, 5, 0, 14, 1]], [[7], [7, 8], [7, 8, 22], [7, 8, 22, 28], [7, 8, 22, 28, 41], [7, 8, 22, 28, 41, 48], [7, 8, 22, 28, 41, 48, 12], [7, 8, 22, 28, 41, 48, 12, 2], [7, 8, 22, 28, 41, 48, 2, 30], [7, 22, 41, 48, 12, 2, 30, 47], [7, 22, 48, 12, 2, 30, 47, 23], [7, 48, 12, 2, 30, 47, 23, 17], [7, 48, 12, 2, 30, 47, 17, 36], [7, 48, 12, 2, 30, 47, 17, 5], [7, 48, 2, 30, 47, 17, 5, 0], [7, 48, 2, 30, 47, 17, 5, 0], [7, 48, 2, 30, 47, 17, 5, 0], [7, 48, 2, 30, 47, 17, 5, 0], [7, 48, 2, 30, 47, 17, 5, 0], [7, 48, 2, 30, 47, 17, 5, 0], [7, 48, 2, 30, 47, 17, 5, 0], [7, 48, 2, 30, 47, 17, 5, 0], [7, 2, 30, 47, 17, 5, 0, 6], [7, 2, 47, 17, 5, 0, 6, 14], [7, 2, 47, 17, 5, 0, 6, 14], [7, 2, 47, 17, 5, 0, 6, 14], [7, 2, 47, 17, 5, 0, 6, 14], [7, 2, 47, 17, 5, 0, 6, 14], [7, 2, 47, 17, 5, 0, 6, 14], [7, 2, 47, 17, 5, 0, 6, 14], [7, 2, 47, 17, 5, 0, 6, 14], [7, 2, 17, 5, 0, 6, 14, 42], [7, 2, 17, 5, 0, 6, 14, 42], [7, 2, 17, 5, 0, 6, 14, 42], [7, 2, 17, 5, 0, 6, 14, 42], [7, 2, 17, 5, 0, 6, 14, 42], [7, 2, 17, 5, 0, 6, 14, 42], [7, 2, 17, 5, 0, 6, 14, 42], [7, 2, 17, 5, 0, 6, 14, 42], [7, 2, 17, 5, 0, 6, 14, 42], [7, 2, 17, 5, 0, 6, 14, 42], [7, 2, 17, 5, 0, 6, 14, 42], [7, 2, 17, 5, 0, 6, 14, 42], [7, 2, 17, 5, 0, 6, 14, 42], [7, 2, 17, 5, 0, 6, 14, 42], [7, 2, 17, 5, 0, 6, 14, 42], [7, 2, 17, 5, 0, 6, 14, 42], [7, 2, 17, 5, 0, 6, 14, 42], [7, 2, 17, 5, 0, 14, 42, 10], [7, 2, 17, 5, 0, 14, 10, 1]], [[7], [7, 8], [7, 8, 22], [7, 8, 22, 28], [7, 8, 22, 28, 41], [7, 8, 22, 28, 41, 48], [7, 8, 22, 28, 41, 48, 12], [7, 8, 22, 28, 41, 48, 12, 2], [7, 8, 22, 28, 41, 48, 12, 2, 30], [7, 8, 22, 28, 41, 48, 2, 30, 47], [7, 22, 41, 48, 12, 2, 30, 47, 23], [7, 22, 48, 12, 2, 30, 47, 23, 17], [7, 48, 12, 2, 30, 47, 23, 17, 36], [7, 48, 12, 2, 30, 47, 17, 36, 5], [7, 48, 12, 2, 30, 47, 17, 5, 0], [7, 48, 12, 2, 30, 47, 17, 5, 0], [7, 48, 12, 2, 30, 47, 17, 5, 0], [7, 48, 12, 2, 30, 47, 17, 5, 0], [7, 48, 12, 2, 30, 47, 17, 5, 0], [7, 48, 12, 2, 30, 47, 17, 5, 0], [7, 48, 12, 2, 30, 47, 17, 5, 0], [7, 48, 12, 2, 30, 47, 17, 5, 0], [7, 48, 2, 30, 47, 17, 5, 0, 6], [7, 2, 30, 47, 17, 5, 0, 6, 14], [7, 2, 30, 47, 17, 5, 0, 6, 14], [7, 2, 30, 47, 17, 5, 0, 6, 14], [7, 2, 30, 47, 17, 5, 0, 6, 14], [7, 2, 30, 47, 17, 5, 0, 6, 14], [7, 2, 30, 47, 17, 5, 0, 6, 14], [7, 2, 30, 47, 17, 5, 0, 6, 14], [7, 2, 30, 47, 17, 5, 0, 6, 14], [7, 2, 47, 17, 5, 0, 6, 14, 42], [7, 2, 47, 17, 5, 0, 6, 14, 42], [7, 2, 47, 17, 5, 0, 6, 14, 42], [7, 2, 47, 17, 5, 0, 6, 14, 42], [7, 2, 47, 17, 5, 0, 6, 14, 42], [7, 2, 47, 17, 5, 0, 6, 14, 42], [7, 2, 47, 17, 5, 0, 6, 14, 42], [7, 2, 47, 17, 5, 0, 6, 14, 42], [7, 2, 47, 17, 5, 0, 6, 14, 42], [7, 2, 47, 17, 5, 0, 6, 14, 42], [7, 2, 47, 17, 5, 0, 6, 14, 42], [7, 2, 47, 17, 5, 0, 6, 14, 42], [7, 2, 47, 17, 5, 0, 6, 14, 42], [7, 2, 47, 17, 5, 0, 6, 14, 42], [7, 2, 47, 17, 5, 0, 6, 14, 42], [7, 2, 47, 17, 5, 0, 6, 14, 42], [7, 2, 47, 17, 5, 0, 6, 14, 42], [7, 2, 17, 5, 0, 6, 14, 42, 10], [7, 2, 17, 5, 0, 14, 42, 10, 1]], [[7], [7, 8], [7, 8, 22], [7, 8, 22, 28], [7, 8, 22, 28, 41], [7, 8, 22, 28, 41, 48], [7, 8, 22, 28, 41, 48, 12], [7, 8, 22, 28, 41, 48, 12, 2], [7, 8, 22, 28, 41, 48, 12, 2, 30], [7, 8, 22, 28, 41, 48, 12, 2, 30, 47], [7, 8, 22, 28, 41, 48, 12, 2, 30, 47], [7, 22, 41, 48, 12, 2, 30, 47, 23, 17], [7, 22, 48, 12, 2, 30, 47, 23, 17, 36], [7, 48, 12, 2, 30, 47, 23, 17, 36, 5], [7, 48, 12, 2, 30, 47, 17, 36, 5, 0], [7, 48, 12, 2, 30, 47, 17, 5, 0, 25], [7, 48, 12, 2, 30, 47, 17, 5, 0, 9], [7, 48, 12, 2, 30, 47, 17, 5, 0, 9], [7, 48, 12, 2, 30, 47, 17, 5, 0, 9], [7, 48, 12, 2, 30, 47, 17, 5, 0, 9], [7, 48, 12, 2, 30, 47, 17, 5, 0, 9], [7, 48, 12, 2, 30, 47, 17, 5, 0, 9], [7, 48, 12, 2, 30, 47, 17, 5, 0, 6], [7, 48, 2, 30, 47, 17, 5, 0, 6, 14], [7, 48, 2, 30, 47, 17, 5, 0, 6, 14], [7, 48, 2, 30, 47, 17, 5, 0, 6, 14], [7, 48, 2, 30, 47, 17, 5, 0, 6, 14], [7, 48, 2, 30, 47, 17, 5, 0, 6, 14], [7, 48, 2, 30, 47, 17, 5, 0, 6, 14], [7, 48, 2, 30, 47, 17, 5, 0, 6, 14], [7, 48, 2, 30, 47, 17, 5, 0, 6, 14], [7, 2, 30, 47, 17, 5, 0, 6, 14, 42], [7, 2, 30, 47, 17, 5, 0, 6, 14, 42], [7, 2, 30, 47, 17, 5, 0, 6, 14, 42], [7, 2, 30, 47, 17, 5, 0, 6, 14, 42], [7, 2, 30, 47, 17, 5, 0, 6, 14, 42], [7, 2, 30, 47, 17, 5, 0, 6, 14, 42], [7, 2, 30, 47, 17, 5, 0, 6, 14, 42], [7, 2, 30, 47, 17, 5, 0, 6, 14, 42], [7, 2, 30, 47, 17, 5, 0, 6, 14, 42], [7, 2, 30, 47, 17, 5, 0, 6, 14, 42], [7, 2, 30, 47, 17, 5, 0, 6, 14, 42], [7, 2, 30, 47, 17, 5, 0, 6, 14, 42], [7, 2, 30, 47, 17, 5, 0, 6, 14, 42], [7, 2, 30, 47, 17, 5, 0, 6, 14, 42], [7, 2, 30, 47, 17, 5, 0, 6, 14, 42], [7, 2, 30, 47, 17, 5, 0, 6, 14, 42], [7, 2, 30, 47, 17, 5, 0, 6, 14, 42], [7, 2, 47, 17, 5, 0, 6, 14, 42, 10], [7, 2, 17, 5, 0, 6, 14, 42, 10, 1]]]
  regular DP payoff: [[0, 1, 1, 1, 1, 2, 2, 2, 2, 2, 2, 2, 2, 2, 2, 2, 2, 2, 2, 2, 2, 2, 2, 2, 2, 2, 2, 2, 2, 2, 2, 2, 4, 4, 4, 4, 4, 4, 4, 4, 4, 4, 4, 4, 4, 4, 4, 4, 4, 4], [0, 1, 1, 1, 1, 3, 3, 4, 4, 4, 4, 4, 4, 4, 4, 4, 4, 4, 4, 4, 4, 4, 4, 4, 4, 4, 4, 4, 4, 4, 4, 4, 6, 6, 6, 6, 6, 6, 6, 6, 6, 6, 6, 6, 6, 6, 6, 6, 6, 6], [0, 1, 1, 1, 4, 4, 4, 5, 6, 6, 6, 6, 6, 6, 6, 6, 6, 6, 6, 6, 6, 6, 6, 6, 6, 6, 6, 6, 6, 6, 6, 6, 8, 8, 8, 8, 8, 8, 8, 8, 8, 8, 8, 8, 8, 8, 8, 8, 8, 9], [0, 1, 1, 1, 4, 6, 6, 6, 7, 8, 8, 8, 8, 8, 8, 8, 8, 8, 8, 8, 8, 8, 8, 8, 8, 8, 8, 8, 8, 8, 8, 8, 10, 10, 10, 10, 10, 10, 10, 10, 10, 10, 10, 10, 10, 10, 10, 10, 10, 11], [0, 1, 1, 1, 4, 6, 7, 8, 8, 9, 9, 10, 10, 10, 10, 10, 10, 10, 10, 10, 10, 10, 10, 10, 10, 10, 10, 10, 10, 10, 10, 10, 12, 12, 12, 12, 12, 12, 12, 12, 12, 12, 12, 12, 12, 12, 12, 12, 12, 13], [0, 1, 1, 1, 4, 6, 7, 9, 10, 10, 10, 11, 11, 11, 11, 11, 11, 11, 11, 12, 12, 12, 12, 12, 12, 12, 12, 12, 12, 12, 12, 12, 14, 14, 14, 14, 14, 14, 14, 14, 14, 14, 14, 14, 14, 14, 14, 14, 14, 15], [0, 1, 1, 1, 4, 6, 7, 9, 11, 12, 12, 12, 12, 12, 12, 12, 12, 12, 12, 13, 14, 14, 14, 14, 14, 14, 14, 14, 14, 14, 14, 14, 16, 16, 16, 16, 16, 16, 16, 16, 16, 16, 16, 16, 16, 16, 16, 16, 16, 17], [0, 1, 1, 1, 4, 6, 7, 9, 11, 13, 13, 14, 14, 14, 14, 14, 14, 14, 14, 14, 15, 15, 15, 15, 15, 15, 15, 15, 15, 15, 15, 15, 18, 18, 18, 18, 18, 18, 18, 18, 18, 18, 18, 18, 18, 18, 18, 18, 18, 19], [0, 1, 1, 1, 4, 6, 7, 9, 11, 13, 14, 15, 15, 15, 15, 15, 15, 15, 15, 16, 16, 16, 16, 16, 16, 16, 16, 16, 16, 16, 16, 16, 19, 19, 19, 20, 20, 20, 20, 20, 20, 20, 20, 20, 20, 20, 20, 20, 20, 21], [0, 1, 1, 1, 4, 6, 7, 9, 11, 13, 14, 16, 16, 16, 16, 16, 16, 16, 16, 17, 18, 18, 18, 18, 18, 18, 18, 18, 18, 18, 18, 18, 20, 20, 20, 21, 22, 22, 22, 22, 22, 22, 22, 22, 22, 22, 22, 22, 22, 23]]
 with seeds: [[[35], [8], [8], [8], [8], [41], [41], [41], [41], [41], [41], [41], [41], [41], [41], [41], [41], [41], [41], [41], [41], [41], [41], [41], [41], [41], [41], [41], [41], [41], [41], [41], [47], [47], [47], [47], [47], [47], [47], [47], [47], [47], [47], [47], [47], [47], [47], [47], [47], [47]], [[35], [35, 8], [8, 10], [8, 5], [8, 28], [8, 41], [41, 29], [41, 24], [41, 39], [41, 2], [41, 2], [41, 46], [41, 46], [41, 46], [41, 46], [41, 46], [41, 46], [41, 46], [41, 46], [41, 32], [41, 32], [41, 32], [41, 32], [41, 32], [41, 32], [41, 32], [41, 32], [41, 32], [41, 32], [41, 32], [41, 32], [41, 32], [41, 47], [41, 47], [41, 47], [47, 7], [47, 12], [47, 12], [47, 12], [47, 13], [47, 13], [47, 13], [47, 13], [47, 13], [47, 13], [47, 13], [47, 13], [47, 13], [47, 4], [47, 1]], [[35], [35, 8], [35, 8, 10], [8, 10, 5], [8, 5, 28], [8, 5, 28], [8, 41, 29], [41, 29, 24], [41, 24, 39], [41, 39, 2], [41, 39, 2], [41, 2, 46], [41, 2, 46], [41, 2, 46], [41, 2, 46], [41, 2, 46], [41, 2, 46], [41, 2, 46], [41, 2, 46], [41, 46, 32], [41, 32, 18], [41, 32, 18], [41, 32, 18], [41, 32, 18], [41, 32, 18], [41, 32, 18], [41, 32, 18], [41, 32, 18], [41, 32, 18], [41, 32, 18], [41, 32, 18], [41, 32, 18], [41, 32, 47], [41, 32, 47], [41, 32, 47], [41, 47, 7], [47, 7, 12], [47, 7, 12], [47, 7, 12], [47, 12, 13], [47, 12, 13], [47, 12, 13], [47, 12, 13], [47, 12, 13], [47, 12, 13], [47, 12, 13], [47, 12, 13], [47, 12, 13], [47, 13, 4], [47, 4, 1]], [[35], [35, 8], [35, 8, 10], [35, 8, 10, 5], [8, 10, 5, 28], [8, 5, 28, 41], [8, 5, 28, 41], [8, 41, 29, 24], [41, 29, 24, 39], [41, 24, 39, 2], [41, 24, 39, 2], [41, 39, 2, 46], [41, 39, 2, 46], [41, 39, 2, 46], [41, 39, 2, 46], [41, 39, 2, 46], [41, 39, 2, 46], [41, 39, 2, 46], [41, 39, 2, 46], [41, 2, 46, 32], [41, 46, 32, 18], [41, 46, 32, 18], [41, 46, 32, 18], [41, 46, 32, 18], [41, 46, 32, 18], [41, 46, 32, 18], [41, 46, 32, 18], [41, 46, 32, 18], [41, 46, 32, 18], [41, 46, 32, 18], [41, 46, 32, 18], [41, 46, 32, 18], [41, 32, 18, 47], [41, 32, 18, 47], [41, 32, 18, 47], [41, 32, 47, 7], [41, 47, 7, 12], [41, 47, 7, 12], [41, 47, 7, 12], [47, 7, 12, 13], [47, 7, 12, 13], [47, 7, 12, 13], [47, 7, 12, 13], [47, 7, 12, 13], [47, 7, 12, 13], [47, 7, 12, 13], [47, 7, 12, 13], [47, 7, 12, 13], [47, 12, 13, 4], [47, 13, 4, 1]], [[35], [35, 8], [35, 8, 10], [35, 8, 10, 5], [35, 8, 10, 5, 28], [8, 10, 5, 28, 41], [8, 5, 28, 41, 29], [8, 5, 28, 41, 24], [8, 41, 29, 24, 39], [41, 29, 24, 39, 2], [41, 24, 39, 2, 44], [41, 24, 39, 2, 46], [41, 24, 39, 2, 46], [41, 24, 39, 2, 46], [41, 24, 39, 2, 46], [41, 24, 39, 2, 46], [41, 24, 39, 2, 46], [41, 24, 39, 2, 46], [41, 24, 39, 2, 46], [41, 39, 2, 46, 32], [41, 2, 46, 32, 18], [41, 2, 46, 32, 18], [41, 2, 46, 32, 18], [41, 2, 46, 32, 18], [41, 2, 46, 32, 18], [41, 2, 46, 32, 18], [41, 2, 46, 32, 18], [41, 2, 46, 32, 18], [41, 2, 46, 32, 18], [41, 2, 46, 32, 18], [41, 2, 46, 32, 18], [41, 2, 46, 32, 18], [41, 46, 32, 18, 47], [41, 46, 32, 18, 47], [41, 46, 32, 18, 47], [41, 32, 18, 47, 7], [41, 32, 47, 7, 12], [41, 32, 47, 7, 12], [41, 32, 47, 7, 12], [41, 47, 7, 12, 13], [41, 47, 7, 12, 13], [41, 47, 7, 12, 13], [41, 47, 7, 12, 13], [41, 47, 7, 12, 13], [41, 47, 7, 12, 13], [41, 47, 7, 12, 13], [41, 47, 7, 12, 13], [41, 47, 7, 12, 13], [47, 7, 12, 13, 4], [47, 12, 13, 4, 1]], [[35], [35, 8], [35, 8, 10], [35, 8, 10, 5], [35, 8, 10, 5, 28], [35, 8, 10, 5, 28, 41], [8, 10, 5, 28, 41, 29], [8, 5, 28, 41, 29, 24], [8, 5, 28, 41, 24, 39], [8, 41, 29, 24, 39, 2], [41, 29, 24, 39, 2, 44], [41, 24, 39, 2, 44, 46], [41, 24, 39, 2, 44, 46], [41, 24, 39, 2, 44, 46], [41, 24, 39, 2, 44, 46], [41, 24, 39, 2, 44, 46], [41, 24, 39, 2, 44, 46], [41, 24, 39, 2, 44, 46], [41, 24, 39, 2, 44, 46], [41, 24, 39, 2, 46, 32], [41, 39, 2, 46, 32, 18], [41, 39, 2, 46, 32, 18], [41, 39, 2, 46, 32, 18], [41, 39, 2, 46, 32, 18], [41, 39, 2, 46, 32, 18], [41, 39, 2, 46, 32, 18], [41, 39, 2, 46, 32, 18], [41, 39, 2, 46, 32, 18], [41, 39, 2, 46, 32, 18], [41, 39, 2, 46, 32, 18], [41, 39, 2, 46, 32, 18], [41, 39, 2, 46, 32, 18], [41, 2, 46, 32, 18, 47], [41, 2, 46, 32, 18, 47], [41, 2, 46, 32, 18, 47], [41, 46, 32, 18, 47, 7], [41, 32, 18, 47, 7, 12], [41, 32, 18, 47, 7, 12], [41, 32, 18, 47, 7, 12], [41, 32, 47, 7, 12, 13], [41, 32, 47, 7, 12, 13], [41, 32, 47, 7, 12, 13], [41, 32, 47, 7, 12, 13], [41, 32, 47, 7, 12, 13], [41, 32, 47, 7, 12, 13], [41, 32, 47, 7, 12, 13], [41, 32, 47, 7, 12, 13], [41, 32, 47, 7, 12, 13], [41, 47, 7, 12, 13, 4], [47, 7, 12, 13, 4, 1]], [[35], [35, 8], [35, 8, 10], [35, 8, 10, 5], [35, 8, 10, 5, 28], [35, 8, 10, 5, 28, 41], [35, 8, 10, 5, 28, 41, 29], [8, 10, 5, 28, 41, 29, 24], [8, 5, 28, 41, 29, 24, 39], [8, 5, 28, 41, 24, 39, 2], [8, 5, 28, 41, 24, 39, 2], [41, 29, 24, 39, 2, 44, 46], [41, 29, 24, 39, 2, 44, 46], [41, 29, 24, 39, 2, 44, 46], [41, 29, 24, 39, 2, 44, 46], [41, 29, 24, 39, 2, 44, 46], [41, 29, 24, 39, 2, 44, 46], [41, 29, 24, 39, 2, 44, 46], [41, 29, 24, 39, 2, 44, 46], [41, 24, 39, 2, 44, 46, 32], [41, 24, 39, 2, 46, 32, 18], [41, 24, 39, 2, 46, 32, 18], [41, 24, 39, 2, 46, 32, 18], [41, 24, 39, 2, 46, 32, 18], [41, 24, 39, 2, 46, 32, 18], [41, 24, 39, 2, 46, 32, 18], [41, 24, 39, 2, 46, 32, 18], [41, 24, 39, 2, 46, 32, 18], [41, 24, 39, 2, 46, 32, 18], [41, 24, 39, 2, 46, 32, 18], [41, 24, 39, 2, 46, 32, 18], [41, 24, 39, 2, 46, 32, 18], [41, 39, 2, 46, 32, 18, 47], [41, 39, 2, 46, 32, 18, 47], [41, 39, 2, 46, 32, 18, 47], [41, 2, 46, 32, 18, 47, 7], [41, 46, 32, 18, 47, 7, 12], [41, 46, 32, 18, 47, 7, 12], [41, 46, 32, 18, 47, 7, 12], [41, 32, 18, 47, 7, 12, 13], [41, 32, 18, 47, 7, 12, 13], [41, 32, 18, 47, 7, 12, 13], [41, 32, 18, 47, 7, 12, 13], [41, 32, 18, 47, 7, 12, 13], [41, 32, 18, 47, 7, 12, 13], [41, 32, 18, 47, 7, 12, 13], [41, 32, 18, 47, 7, 12, 13], [41, 32, 18, 47, 7, 12, 13], [41, 32, 47, 7, 12, 13, 4], [41, 47, 7, 12, 13, 4, 1]], [[35], [35, 8], [35, 8, 10], [35, 8, 10, 5], [35, 8, 10, 5, 28], [35, 8, 10, 5, 28, 41], [35, 8, 10, 5, 28, 41, 29], [35, 8, 10, 5, 28, 41, 29, 24], [8, 10, 5, 28, 41, 29, 24, 39], [8, 5, 28, 41, 29, 24, 39, 2], [8, 5, 28, 41, 24, 39, 2, 44], [8, 5, 28, 41, 24, 39, 2, 46], [8, 5, 28, 41, 24, 39, 2, 46], [8, 5, 28, 41, 24, 39, 2, 46], [8, 5, 28, 41, 24, 39, 2, 46], [8, 5, 28, 41, 24, 39, 2, 46], [8, 5, 28, 41, 24, 39, 2, 46], [8, 5, 28, 41, 24, 39, 2, 46], [8, 5, 28, 41, 24, 39, 2, 46], [41, 29, 24, 39, 2, 44, 46, 32], [41, 24, 39, 2, 44, 46, 32, 18], [41, 24, 39, 2, 44, 46, 32, 18], [41, 24, 39, 2, 44, 46, 32, 18], [41, 24, 39, 2, 44, 46, 32, 18], [41, 24, 39, 2, 44, 46, 32, 18], [41, 24, 39, 2, 44, 46, 32, 18], [41, 24, 39, 2, 44, 46, 32, 18], [41, 24, 39, 2, 46, 32, 18, 23], [41, 24, 39, 2, 46, 32, 18, 23], [41, 24, 39, 2, 46, 32, 18, 23], [41, 24, 39, 2, 46, 32, 18, 23], [41, 24, 39, 2, 46, 32, 18, 23], [41, 24, 39, 2, 46, 32, 18, 47], [41, 24, 39, 2, 46, 32, 18, 47], [41, 24, 39, 2, 46, 32, 18, 47], [41, 39, 2, 46, 32, 18, 47, 7], [41, 2, 46, 32, 18, 47, 7, 12], [41, 2, 46, 32, 18, 47, 7, 12], [41, 2, 46, 32, 18, 47, 7, 12], [41, 46, 32, 18, 47, 7, 12, 13], [41, 46, 32, 18, 47, 7, 12, 13], [41, 46, 32, 18, 47, 7, 12, 13], [41, 46, 32, 18, 47, 7, 12, 13], [41, 46, 32, 18, 47, 7, 12, 13], [41, 46, 32, 18, 47, 7, 12, 13], [41, 46, 32, 18, 47, 7, 12, 13], [41, 46, 32, 18, 47, 7, 12, 13], [41, 46, 32, 18, 47, 7, 12, 13], [41, 32, 18, 47, 7, 12, 13, 4], [41, 32, 47, 7, 12, 13, 4, 1]], [[35], [35, 8], [35, 8, 10], [35, 8, 10, 5], [35, 8, 10, 5, 28], [35, 8, 10, 5, 28, 41], [35, 8, 10, 5, 28, 41, 29], [35, 8, 10, 5, 28, 41, 29, 24], [35, 8, 10, 5, 28, 41, 29, 24, 39], [8, 10, 5, 28, 41, 29, 24, 39, 2], [8, 5, 28, 41, 29, 24, 39, 2, 44], [8, 5, 28, 41, 24, 39, 2, 44, 46], [8, 5, 28, 41, 24, 39, 2, 44, 46], [8, 5, 28, 41, 24, 39, 2, 44, 46], [8, 5, 28, 41, 24, 39, 2, 44, 46], [8, 5, 28, 41, 24, 39, 2, 44, 46], [8, 5, 28, 41, 24, 39, 2, 44, 46], [8, 5, 28, 41, 24, 39, 2, 44, 46], [8, 5, 28, 41, 24, 39, 2, 44, 46], [8, 5, 28, 41, 24, 39, 2, 46, 32], [41, 29, 24, 39, 2, 44, 46, 32, 18], [41, 29, 24, 39, 2, 44, 46, 32, 18], [41, 29, 24, 39, 2, 44, 46, 32, 18], [41, 29, 24, 39, 2, 44, 46, 32, 18], [41, 29, 24, 39, 2, 44, 46, 32, 18], [41, 29, 24, 39, 2, 44, 46, 32, 18], [41, 29, 24, 39, 2, 44, 46, 32, 18], [41, 24, 39, 2, 44, 46, 32, 18, 23], [41, 24, 39, 2, 44, 46, 32, 18, 23], [41, 24, 39, 2, 44, 46, 32, 18, 23], [41, 24, 39, 2, 44, 46, 32, 18, 23], [41, 24, 39, 2, 44, 46, 32, 18, 23], [41, 24, 39, 2, 46, 32, 18, 23, 47], [41, 24, 39, 2, 46, 32, 18, 23, 47], [41, 24, 39, 2, 46, 32, 18, 47, 14], [41, 24, 39, 2, 46, 32, 18, 47, 7], [41, 39, 2, 46, 32, 18, 47, 7, 12], [41, 39, 2, 46, 32, 18, 47, 7, 12], [41, 39, 2, 46, 32, 18, 47, 7, 12], [41, 2, 46, 32, 18, 47, 7, 12, 13], [41, 2, 46, 32, 18, 47, 7, 12, 13], [41, 2, 46, 32, 18, 47, 7, 12, 13], [41, 2, 46, 32, 18, 47, 7, 12, 13], [41, 2, 46, 32, 18, 47, 7, 12, 13], [41, 2, 46, 32, 18, 47, 7, 12, 13], [41, 2, 46, 32, 18, 47, 7, 12, 13], [41, 2, 46, 32, 18, 47, 7, 12, 13], [41, 2, 46, 32, 18, 47, 7, 12, 13], [41, 46, 32, 18, 47, 7, 12, 13, 4], [41, 32, 18, 47, 7, 12, 13, 4, 1]], [[35], [35, 8], [35, 8, 10], [35, 8, 10, 5], [35, 8, 10, 5, 28], [35, 8, 10, 5, 28, 41], [35, 8, 10, 5, 28, 41, 29], [35, 8, 10, 5, 28, 41, 29, 24], [35, 8, 10, 5, 28, 41, 29, 24, 39], [35, 8, 10, 5, 28, 41, 29, 24, 39, 2], [8, 10, 5, 28, 41, 29, 24, 39, 2, 44], [8, 5, 28, 41, 29, 24, 39, 2, 44, 46], [8, 5, 28, 41, 29, 24, 39, 2, 44, 46], [8, 5, 28, 41, 29, 24, 39, 2, 44, 46], [8, 5, 28, 41, 29, 24, 39, 2, 44, 46], [8, 5, 28, 41, 29, 24, 39, 2, 44, 46], [8, 5, 28, 41, 29, 24, 39, 2, 44, 46], [8, 5, 28, 41, 29, 24, 39, 2, 44, 46], [8, 5, 28, 41, 29, 24, 39, 2, 44, 46], [8, 5, 28, 41, 24, 39, 2, 44, 46, 32], [8, 5, 28, 41, 24, 39, 2, 46, 32, 18], [8, 5, 28, 41, 24, 39, 2, 46, 32, 18], [8, 5, 28, 41, 24, 39, 2, 46, 32, 18], [8, 5, 28, 41, 24, 39, 2, 46, 32, 18], [8, 5, 28, 41, 24, 39, 2, 46, 32, 18], [8, 5, 28, 41, 24, 39, 2, 46, 32, 18], [8, 5, 28, 41, 24, 39, 2, 46, 32, 18], [8, 5, 28, 41, 24, 39, 2, 46, 32, 18], [8, 5, 28, 41, 24, 39, 2, 46, 32, 18], [8, 5, 28, 41, 24, 39, 2, 46, 32, 18], [8, 5, 28, 41, 24, 39, 2, 46, 32, 18], [8, 5, 28, 41, 24, 39, 2, 46, 32, 18], [41, 24, 39, 2, 44, 46, 32, 18, 23, 47], [41, 24, 39, 2, 44, 46, 32, 18, 23, 47], [41, 24, 39, 2, 46, 32, 18, 23, 47, 14], [41, 24, 39, 2, 46, 32, 18, 47, 14, 7], [41, 24, 39, 2, 46, 32, 18, 47, 7, 12], [41, 24, 39, 2, 46, 32, 18, 47, 7, 12], [41, 24, 39, 2, 46, 32, 18, 47, 7, 12], [41, 39, 2, 46, 32, 18, 47, 7, 12, 13], [41, 39, 2, 46, 32, 18, 47, 7, 12, 13], [41, 39, 2, 46, 32, 18, 47, 7, 12, 13], [41, 39, 2, 46, 32, 18, 47, 7, 12, 13], [41, 39, 2, 46, 32, 18, 47, 7, 12, 13], [41, 39, 2, 46, 32, 18, 47, 7, 12, 13], [41, 39, 2, 46, 32, 18, 47, 7, 12, 13], [41, 39, 2, 46, 32, 18, 47, 7, 12, 13], [41, 39, 2, 46, 32, 18, 47, 7, 12, 13], [41, 2, 46, 32, 18, 47, 7, 12, 13, 4], [41, 46, 32, 18, 47, 7, 12, 13, 4, 1]]]
  regular DP payoff: [[0, 2, 2, 2, 2, 2, 2, 2, 2, 2, 2, 3, 3, 3, 3, 3, 3, 3, 3, 4, 4, 4, 4, 4, 4, 4, 4, 4, 4, 4, 4, 4, 4, 4, 4, 4, 4, 4, 4, 4, 4, 4, 4, 4, 4, 4, 4, 4, 4, 4], [0, 3, 3, 3, 3, 4, 4, 4, 4, 4, 4, 5, 5, 5, 5, 5, 5, 5, 5, 7, 7, 8, 8, 8, 8, 8, 8, 8, 8, 8, 8, 8, 8, 8, 8, 8, 8, 8, 8, 8, 8, 8, 8, 8, 8, 8, 8, 8, 8, 8], [0, 3, 4, 6, 6, 6, 6, 6, 6, 6, 6, 7, 7, 7, 7, 7, 7, 8, 8, 9, 9, 11, 12, 12, 12, 12, 12, 12, 12, 12, 12, 12, 12, 12, 12, 12, 12, 12, 12, 12, 12, 12, 12, 12, 12, 12, 12, 12, 12, 12], [0, 3, 4, 7, 7, 8, 8, 8, 8, 8, 8, 9, 9, 9, 9, 9, 9, 10, 10, 12, 12, 13, 15, 15, 15, 15, 15, 15, 16, 16, 16, 16, 16, 16, 16, 16, 16, 16, 16, 16, 16, 16, 16, 16, 16, 16, 16, 16, 16, 16], [0, 3, 4, 7, 7, 9, 9, 10, 10, 10, 10, 11, 11, 11, 11, 11, 11, 12, 12, 14, 14, 16, 17, 17, 17, 17, 17, 17, 19, 19, 19, 20, 20, 20, 20, 20, 20, 20, 20, 20, 20, 20, 20, 20, 20, 20, 20, 20, 20, 20], [0, 3, 4, 7, 7, 9, 9, 11, 11, 11, 11, 13, 13, 13, 13, 13, 13, 14, 14, 16, 16, 18, 20, 20, 20, 20, 20, 20, 21, 21, 21, 23, 23, 23, 23, 24, 24, 24, 24, 24, 24, 24, 24, 24, 24, 24, 24, 24, 24, 24], [0, 3, 4, 7, 7, 9, 9, 11, 11, 11, 11, 14, 14, 14, 14, 14, 15, 16, 16, 18, 18, 20, 22, 22, 22, 22, 22, 22, 24, 24, 24, 25, 25, 25, 25, 27, 27, 27, 28, 28, 28, 28, 28, 28, 28, 28, 28, 28, 28, 28], [0, 3, 4, 7, 7, 9, 9, 11, 11, 14, 14, 14, 14, 15, 19, 19, 19, 19, 19, 20, 20, 22, 24, 24, 24, 24, 24, 24, 26, 26, 26, 28, 28, 28, 28, 29, 29, 29, 31, 31, 31, 31, 31, 31, 31, 31, 31, 31, 31, 31], [0, 3, 4, 7, 7, 9, 9, 11, 11, 14, 14, 17, 17, 17, 20, 20, 21, 21, 21, 23, 23, 24, 26, 26, 26, 26, 26, 26, 28, 28, 28, 30, 30, 30, 30, 32, 32, 32, 33, 33, 33, 33, 33, 33, 33, 33, 33, 33, 33, 33], [0, 3, 4, 7, 7, 9, 9, 11, 11, 14, 14, 17, 17, 18, 20, 20, 22, 24, 24, 25, 25, 27, 28, 28, 28, 28, 28, 28, 30, 30, 30, 32, 32, 32, 32, 34, 34, 34, 36, 36, 36, 36, 36, 36, 36, 36, 36, 36, 36, 36]]
 with seeds: [[[33], [24], [24], [24], [24], [24], [24], [24], [24], [24], [24], [47], [47], [47], [47], [47], [47], [47], [47], [8], [8], [8], [8], [8], [8], [8], [8], [8], [8], [8], [8], [8], [8], [8], [8], [8], [8], [8], [8], [8], [8], [8], [8], [8], [8], [8], [8], [8], [8], [8]], [[33], [33, 24], [24, 46], [24, 14], [24, 14], [24, 36], [24, 36], [24, 6], [24, 6], [24, 6], [24, 6], [24, 47], [24, 47], [24, 47], [24, 47], [24, 47], [47, 7], [47, 7], [47, 7], [47, 8], [47, 8], [8, 5], [8, 15], [8, 15], [8, 15], [8, 15], [8, 15], [8, 15], [8, 4], [8, 4], [8, 4], [8, 32], [8, 32], [8, 32], [8, 32], [8, 49], [8, 49], [8, 49], [8, 42], [8, 42], [8, 42], [8, 42], [8, 42], [8, 42], [8, 42], [8, 42], [8, 42], [8, 42], [8, 42], [8, 42]], [[33], [33, 24], [33, 24, 46], [24, 46, 14], [24, 46, 14], [24, 46, 14], [24, 46, 14], [24, 36, 6], [24, 36, 6], [24, 36, 6], [24, 36, 6], [24, 6, 47], [24, 6, 47], [24, 6, 47], [24, 6, 47], [24, 6, 47], [24, 47, 7], [47, 7, 45], [47, 7, 45], [47, 7, 8], [47, 7, 8], [47, 8, 5], [8, 5, 15], [8, 5, 15], [8, 5, 15], [8, 5, 15], [8, 5, 15], [8, 5, 15], [8, 15, 4], [8, 15, 4], [8, 15, 4], [8, 4, 32], [8, 4, 32], [8, 4, 32], [8, 4, 32], [8, 32, 49], [8, 32, 49], [8, 32, 49], [8, 49, 42], [8, 49, 42], [8, 49, 42], [8, 49, 42], [8, 49, 42], [8, 49, 42], [8, 49, 42], [8, 49, 42], [8, 49, 42], [8, 49, 42], [8, 49, 42], [8, 49, 42]], [[33], [33, 24], [33, 24, 46], [33, 24, 46, 14], [33, 24, 46, 14], [24, 46, 14, 36], [24, 46, 14, 36], [24, 46, 14, 6], [24, 46, 14, 6], [24, 46, 14, 6], [24, 46, 14, 6], [24, 36, 6, 47], [24, 36, 6, 47], [24, 36, 6, 47], [24, 36, 6, 47], [24, 36, 6, 47], [24, 6, 47, 7], [24, 47, 7, 45], [24, 47, 7, 45], [47, 7, 45, 8], [47, 7, 45, 8], [47, 7, 8, 5], [47, 8, 5, 15], [47, 8, 5, 15], [47, 8, 5, 15], [47, 8, 5, 15], [47, 8, 5, 15], [47, 8, 5, 15], [8, 5, 15, 4], [8, 5, 15, 4], [8, 5, 15, 4], [8, 15, 4, 32], [8, 15, 4, 32], [8, 15, 4, 32], [8, 15, 4, 32], [8, 4, 32, 49], [8, 4, 32, 49], [8, 4, 32, 49], [8, 32, 49, 42], [8, 32, 49, 42], [8, 32, 49, 42], [8, 32, 49, 42], [8, 32, 49, 42], [8, 32, 49, 42], [8, 32, 49, 42], [8, 32, 49, 42], [8, 32, 49, 42], [8, 32, 49, 42], [8, 32, 49, 42], [8, 32, 49, 42]], [[33], [33, 24], [33, 24, 46], [33, 24, 46, 14], [33, 24, 46, 14, 13], [33, 24, 46, 14, 36], [33, 24, 46, 14, 36], [24, 46, 14, 36, 6], [24, 46, 14, 36, 6], [24, 46, 14, 36, 6], [24, 46, 14, 36, 6], [24, 46, 14, 6, 47], [24, 46, 14, 6, 47], [24, 46, 14, 6, 47], [24, 46, 14, 6, 47], [24, 46, 14, 6, 47], [24, 36, 6, 47, 7], [24, 6, 47, 7, 45], [24, 6, 47, 7, 45], [24, 47, 7, 45, 8], [24, 47, 7, 45, 8], [47, 7, 45, 8, 5], [47, 7, 8, 5, 15], [47, 7, 8, 5, 15], [47, 7, 8, 5, 15], [47, 7, 8, 5, 15], [47, 8, 5, 15, 23], [47, 8, 5, 15, 23], [47, 8, 5, 15, 4], [47, 8, 5, 15, 4], [47, 8, 5, 15, 4], [8, 5, 15, 4, 32], [8, 5, 15, 4, 32], [8, 5, 15, 4, 32], [8, 5, 15, 4, 32], [8, 15, 4, 32, 49], [8, 15, 4, 32, 49], [8, 15, 4, 32, 49], [8, 4, 32, 49, 42], [8, 4, 32, 49, 42], [8, 4, 32, 49, 42], [8, 4, 32, 49, 42], [8, 4, 32, 49, 42], [8, 4, 32, 49, 42], [8, 4, 32, 49, 42], [8, 4, 32, 49, 42], [8, 4, 32, 49, 42], [8, 4, 32, 49, 42], [8, 4, 32, 49, 42], [8, 4, 32, 49, 42]], [[33], [33, 24], [33, 24, 46], [33, 24, 46, 14], [33, 24, 46, 14, 13], [33, 24, 46, 14, 13, 36], [33, 24, 46, 14, 36, 30], [33, 24, 46, 14, 36, 6], [33, 24, 46, 14, 36, 6], [33, 24, 46, 14, 36, 6], [33, 24, 46, 14, 36, 6], [24, 46, 14, 36, 6, 47], [24, 46, 14, 36, 6, 47], [24, 46, 14, 36, 6, 47], [24, 46, 14, 36, 6, 47], [24, 46, 14, 36, 6, 47], [24, 46, 14, 6, 47, 7], [24, 36, 6, 47, 7, 45], [24, 36, 6, 47, 7, 45], [24, 6, 47, 7, 45, 8], [24, 6, 47, 7, 45, 8], [24, 47, 7, 45, 8, 5], [47, 7, 45, 8, 5, 15], [47, 7, 45, 8, 5, 15], [47, 7, 45, 8, 5, 15], [47, 7, 45, 8, 5, 15], [47, 7, 45, 8, 5, 15], [47, 7, 45, 8, 5, 15], [47, 8, 5, 15, 23, 4], [47, 8, 5, 15, 4, 25], [47, 8, 5, 15, 4, 25], [47, 8, 5, 15, 4, 32], [47, 8, 5, 15, 4, 32], [47, 8, 5, 15, 4, 32], [47, 8, 5, 15, 4, 32], [8, 5, 15, 4, 32, 49], [8, 5, 15, 4, 32, 49], [8, 5, 15, 4, 32, 49], [8, 15, 4, 32, 49, 42], [8, 15, 4, 32, 49, 42], [8, 15, 4, 32, 49, 42], [8, 15, 4, 32, 49, 42], [8, 15, 4, 32, 49, 42], [8, 15, 4, 32, 49, 42], [8, 15, 4, 32, 49, 42], [8, 15, 4, 32, 49, 42], [8, 15, 4, 32, 49, 42], [8, 15, 4, 32, 49, 42], [8, 15, 4, 32, 49, 42], [8, 15, 4, 32, 49, 42]], [[33], [33, 24], [33, 24, 46], [33, 24, 46, 14], [33, 24, 46, 14, 13], [33, 24, 46, 14, 13, 36], [33, 24, 46, 14, 13, 36, 30], [33, 24, 46, 14, 36, 30, 6], [33, 24, 46, 14, 36, 6, 26], [33, 24, 46, 14, 36, 6, 39], [33, 24, 46, 14, 36, 6, 44], [33, 24, 46, 14, 36, 6, 47], [33, 24, 46, 14, 36, 6, 47], [24, 46, 14, 36, 6, 47, 27], [24, 46, 14, 36, 6, 47, 2], [24, 46, 14, 36, 6, 47, 2], [24, 46, 14, 36, 6, 47, 7], [24, 46, 14, 6, 47, 7, 45], [24, 46, 14, 6, 47, 7, 45], [24, 36, 6, 47, 7, 45, 8], [24, 36, 6, 47, 7, 45, 8], [24, 6, 47, 7, 45, 8, 5], [24, 47, 7, 45, 8, 5, 15], [24, 47, 7, 45, 8, 5, 15], [24, 47, 7, 45, 8, 5, 15], [24, 47, 7, 45, 8, 5, 15], [47, 7, 45, 8, 5, 15, 23], [47, 7, 45, 8, 5, 15, 23], [47, 7, 45, 8, 5, 15, 4], [47, 7, 45, 8, 5, 15, 4], [47, 7, 45, 8, 5, 15, 4], [47, 8, 5, 15, 4, 25, 32], [47, 8, 5, 15, 4, 25, 32], [47, 8, 5, 15, 4, 25, 32], [47, 8, 5, 15, 4, 25, 32], [47, 8, 5, 15, 4, 32, 49], [47, 8, 5, 15, 4, 32, 49], [47, 8, 5, 15, 4, 32, 49], [8, 5, 15, 4, 32, 49, 42], [8, 5, 15, 4, 32, 49, 42], [8, 5, 15, 4, 32, 49, 42], [8, 5, 15, 4, 32, 49, 42], [8, 5, 15, 4, 32, 49, 42], [8, 5, 15, 4, 32, 49, 42], [8, 5, 15, 4, 32, 49, 42], [8, 5, 15, 4, 32, 49, 42], [8, 5, 15, 4, 32, 49, 42], [8, 5, 15, 4, 32, 49, 42], [8, 5, 15, 4, 32, 49, 42], [8, 5, 15, 4, 32, 49, 42]], [[33], [33, 24], [33, 24, 46], [33, 24, 46, 14], [33, 24, 46, 14, 13], [33, 24, 46, 14, 13, 36], [33, 24, 46, 14, 13, 36, 30], [33, 24, 46, 14, 13, 36, 30, 6], [33, 24, 46, 14, 36, 30, 6, 26], [33, 24, 46, 14, 36, 6, 26, 39], [33, 24, 46, 14, 36, 6, 26, 39], [33, 24, 46, 14, 36, 6, 44, 47], [33, 24, 46, 14, 36, 6, 47, 19], [33, 24, 46, 14, 36, 6, 47, 27], [24, 46, 14, 36, 6, 47, 27, 2], [24, 46, 14, 36, 6, 47, 27, 2], [24, 46, 14, 36, 6, 47, 27, 2], [24, 46, 14, 36, 6, 47, 27, 2], [24, 46, 14, 36, 6, 47, 27, 2], [24, 46, 14, 6, 47, 7, 45, 8], [24, 46, 14, 6, 47, 7, 45, 8], [24, 36, 6, 47, 7, 45, 8, 5], [24, 6, 47, 7, 45, 8, 5, 15], [24, 6, 47, 7, 45, 8, 5, 15], [24, 6, 47, 7, 45, 8, 5, 15], [24, 6, 47, 7, 45, 8, 5, 15], [24, 47, 7, 45, 8, 5, 15, 23], [24, 47, 7, 45, 8, 5, 15, 23], [47, 7, 45, 8, 5, 15, 23, 4], [47, 7, 45, 8, 5, 15, 4, 25], [47, 7, 45, 8, 5, 15, 4, 25], [47, 7, 45, 8, 5, 15, 4, 32], [47, 7, 45, 8, 5, 15, 4, 32], [47, 7, 45, 8, 5, 15, 4, 32], [47, 7, 45, 8, 5, 15, 4, 32], [47, 8, 5, 15, 4, 25, 32, 49], [47, 8, 5, 15, 4, 25, 32, 49], [47, 8, 5, 15, 4, 25, 32, 49], [47, 8, 5, 15, 4, 32, 49, 42], [47, 8, 5, 15, 4, 32, 49, 42], [47, 8, 5, 15, 4, 32, 49, 42], [47, 8, 5, 15, 4, 32, 49, 42], [47, 8, 5, 15, 4, 32, 49, 42], [47, 8, 5, 15, 4, 32, 49, 42], [47, 8, 5, 15, 4, 32, 49, 42], [47, 8, 5, 15, 4, 32, 49, 42], [47, 8, 5, 15, 4, 32, 49, 42], [47, 8, 5, 15, 4, 32, 49, 42], [47, 8, 5, 15, 4, 32, 49, 42], [47, 8, 5, 15, 4, 32, 49, 42]], [[33], [33, 24], [33, 24, 46], [33, 24, 46, 14], [33, 24, 46, 14, 13], [33, 24, 46, 14, 13, 36], [33, 24, 46, 14, 13, 36, 30], [33, 24, 46, 14, 13, 36, 30, 6], [33, 24, 46, 14, 13, 36, 30, 6, 26], [33, 24, 46, 14, 36, 30, 6, 26, 39], [33, 24, 46, 14, 36, 6, 26, 39, 44], [33, 24, 46, 14, 36, 6, 26, 39, 47], [33, 24, 46, 14, 36, 6, 26, 39, 47], [33, 24, 46, 14, 36, 6, 26, 39, 47], [33, 24, 46, 14, 36, 6, 47, 27, 2], [33, 24, 46, 14, 36, 6, 47, 27, 2], [24, 46, 14, 36, 6, 47, 27, 2, 7], [24, 46, 14, 36, 6, 47, 27, 2, 7], [24, 46, 14, 36, 6, 47, 27, 2, 7], [24, 46, 14, 36, 6, 47, 27, 2, 8], [24, 46, 14, 36, 6, 47, 27, 2, 8], [24, 46, 14, 6, 47, 7, 45, 8, 5], [24, 36, 6, 47, 7, 45, 8, 5, 15], [24, 36, 6, 47, 7, 45, 8, 5, 15], [24, 36, 6, 47, 7, 45, 8, 5, 15], [24, 36, 6, 47, 7, 45, 8, 5, 15], [24, 6, 47, 7, 45, 8, 5, 15, 23], [24, 6, 47, 7, 45, 8, 5, 15, 23], [24, 47, 7, 45, 8, 5, 15, 23, 4], [47, 7, 45, 8, 5, 15, 23, 4, 25], [47, 7, 45, 8, 5, 15, 23, 4, 25], [47, 7, 45, 8, 5, 15, 4, 25, 32], [47, 7, 45, 8, 5, 15, 4, 25, 32], [47, 7, 45, 8, 5, 15, 4, 25, 32], [47, 7, 45, 8, 5, 15, 4, 25, 32], [47, 7, 45, 8, 5, 15, 4, 32, 49], [47, 7, 45, 8, 5, 15, 4, 32, 49], [47, 7, 45, 8, 5, 15, 4, 32, 49], [47, 8, 5, 15, 4, 25, 32, 49, 42], [47, 8, 5, 15, 4, 25, 32, 49, 42], [47, 8, 5, 15, 4, 25, 32, 49, 42], [47, 8, 5, 15, 4, 25, 32, 49, 42], [47, 8, 5, 15, 4, 25, 32, 49, 42], [47, 8, 5, 15, 4, 25, 32, 49, 42], [47, 8, 5, 15, 4, 25, 32, 49, 42], [47, 8, 5, 15, 4, 25, 32, 49, 42], [47, 8, 5, 15, 4, 25, 32, 49, 42], [47, 8, 5, 15, 4, 25, 32, 49, 42], [47, 8, 5, 15, 4, 25, 32, 49, 42], [47, 8, 5, 15, 4, 25, 32, 49, 42]], [[33], [33, 24], [33, 24, 46], [33, 24, 46, 14], [33, 24, 46, 14, 13], [33, 24, 46, 14, 13, 36], [33, 24, 46, 14, 13, 36, 30], [33, 24, 46, 14, 13, 36, 30, 6], [33, 24, 46, 14, 13, 36, 30, 6, 26], [33, 24, 46, 14, 13, 36, 30, 6, 26, 39], [33, 24, 46, 14, 36, 30, 6, 26, 39, 44], [33, 24, 46, 14, 36, 6, 26, 39, 44, 47], [33, 24, 46, 14, 36, 6, 26, 39, 47, 19], [33, 24, 46, 14, 36, 6, 26, 39, 47, 27], [33, 24, 46, 14, 36, 6, 47, 27, 2], [33, 24, 46, 14, 36, 6, 47, 27, 2, 40], [33, 24, 46, 14, 36, 6, 47, 27, 2, 7], [24, 46, 14, 36, 6, 47, 27, 2, 7, 45], [24, 46, 14, 36, 6, 47, 27, 2, 7, 45], [24, 46, 14, 36, 6, 47, 27, 2, 7, 8], [24, 46, 14, 36, 6, 47, 27, 2, 7, 8], [24, 46, 14, 36, 6, 47, 27, 2, 8, 5], [24, 46, 14, 6, 47, 7, 45, 8, 5, 15], [24, 46, 14, 6, 47, 7, 45, 8, 5, 15], [24, 46, 14, 6, 47, 7, 45, 8, 5, 15], [24, 46, 14, 6, 47, 7, 45, 8, 5, 15], [24, 36, 6, 47, 7, 45, 8, 5, 15, 23], [24, 36, 6, 47, 7, 45, 8, 5, 15, 23], [24, 6, 47, 7, 45, 8, 5, 15, 23, 4], [24, 47, 7, 45, 8, 5, 15, 23, 4, 25], [24, 47, 7, 45, 8, 5, 15, 23, 4, 25], [47, 7, 45, 8, 5, 15, 23, 4, 25, 32], [47, 7, 45, 8, 5, 15, 23, 4, 25, 32], [47, 7, 45, 8, 5, 15, 23, 4, 25, 32], [47, 7, 45, 8, 5, 15, 23, 4, 25, 32], [47, 7, 45, 8, 5, 15, 4, 25, 32, 49], [47, 7, 45, 8, 5, 15, 4, 25, 32, 49], [47, 7, 45, 8, 5, 15, 4, 25, 32, 49], [47, 7, 45, 8, 5, 15, 4, 32, 49, 42], [47, 7, 45, 8, 5, 15, 4, 32, 49, 42], [47, 7, 45, 8, 5, 15, 4, 32, 49, 42], [47, 7, 45, 8, 5, 15, 4, 32, 49, 42], [47, 7, 45, 8, 5, 15, 4, 32, 49, 42], [47, 7, 45, 8, 5, 15, 4, 32, 49, 42], [47, 7, 45, 8, 5, 15, 4, 32, 49, 42], [47, 7, 45, 8, 5, 15, 4, 32, 49, 42], [47, 7, 45, 8, 5, 15, 4, 32, 49, 42], [47, 7, 45, 8, 5, 15, 4, 32, 49, 42], [47, 7, 45, 8, 5, 15, 4, 32, 49, 42], [47, 7, 45, 8, 5, 15, 4, 32, 49, 42]]]