o
num_seeded: 5
crit: 0.5
type: er
ID: 2
removed_cycles: 1
satisfied_assumption_1: 0
# Nodes: 100
# Edges: 188
0.05399413501781991
0.052711188231926664
0.8155735398459805
0.8241491112828794
0.5693411091325864
0.7267673504647982
0.7931351947794458
0.5187807970721958
0.17719822262196572
0.8436797748903384
0.9074993431059046
0.9843836340202239
0.9355425491365663
0.06318200357681969
0.007595906530182384
0.9431733811213243
0.16335777384510441
0.3503567046936086
0.49679539091123703
0.33116572280532697
0.6369759913514758
0.19953421558618667
0.48669867600862027
0.13992305531122606
0.3438326811010425
0.07576207375338495
0.5477105391811489
0.5789265679593661
0.7151681154966845
0.18072895789249077
0.6595421175935189
0.4343229363140352
0.34305453347612314
0.9634098561307695
0.47527688569359694
0.5217275511728893
0.6621197635360202
0.8465659300010293
0.5016376852442266
0.5174031501783766
0.5589996948084558
0.8746731148544852
0.7281131251874252
0.5627286884490744
0.06350929084377921
0.7192051759754028
0.2895592946746258
0.9857836409983747
0.21354282553269655
0.18499264262864357
0.042542096579312294
0.34163189818613626
0.04620483106530793
0.201666138517406
0.905182887242384
0.08616261176417883
0.5311786814056464
0.20994944622937195
0.17635054673323902
0.009576858129234589
0.17690788504062627
0.23001663060367827
0.7056847258509832
0.26530743368273424
0.40907873549451546
0.19740436670601413
0.35083208802845045
0.19326258818981745
0.20257553528214844
0.8268199201557709
0.038019194608860385
0.5386036704351399
0.7120627712193603
0.5303521411695263
0.3746626325276945
0.8703777569188251
0.4979224312756345
0.6091978513488788
0.03564260295072241
0.9915168120618126
0.68736601613638
0.9751335483401204
0.700523655644471
0.9971020375582624
0.7216789738338291
0.8825988518017216
0.8794732377007233
0.7129235608714883
0.9768817753268167
0.8306798929765656
0.028197805795584063
0.9645407843574327
0.44840408576224133
0.736884200792804
0.49202677562991526
0.3637514405444723
0.0868891870025641
0.855351647247134
0.620696029700543
0.34592790880735735
0 18
0 84
1 11
1 17
1 30
1 43
1 65
1 69
2 13
2 34
2 42
2 45
2 69
2 74
3 18
3 24
3 26
3 30
3 39
4 15
4 16
4 23
4 44
4 59
4 63
4 78
5 61
6 46
6 86
7 15
7 56
7 70
8 10
8 52
9 71
10 54
10 65
10 80
10 96
11 18
11 56
11 62
11 64
11 80
11 95
12 36
12 47
13 28
13 40
13 47
13 62
13 95
14 59
14 85
14 95
15 74
15 75
16 24
16 33
16 34
16 53
16 64
16 72
16 75
16 95
17 19
17 21
17 85
18 23
18 27
18 51
18 66
19 57
19 70
20 22
20 24
20 29
20 44
20 60
21 59
21 61
21 67
21 80
21 90
22 31
22 40
23 24
23 87
24 73
24 74
24 93
25 69
27 35
27 60
27 71
27 77
27 83
28 37
28 45
29 68
29 78
29 85
29 88
29 97
30 31
30 47
30 60
30 82
31 55
31 63
31 84
32 72
32 94
34 51
34 71
34 80
34 91
35 68
36 74
36 80
37 73
38 81
39 97
40 72
41 45
41 52
41 62
41 76
41 87
42 58
42 84
42 96
43 81
43 96
44 58
44 79
44 87
45 70
46 52
47 98
48 67
48 90
49 51
50 53
50 60
50 64
50 77
51 57
51 58
52 60
52 61
52 95
53 89
54 58
54 90
55 91
57 78
57 85
58 78
58 82
59 98
61 65
61 87
61 94
62 64
62 66
63 83
63 99
64 75
67 86
67 97
68 91
69 93
69 98
69 99
70 77
70 85
71 78
71 87
73 94
74 92
75 87
77 81
78 97
79 94
81 97
81 98
89 96