2773
2721
2677
2664
2663
2661
2654
2651
2646
2644
2642
2641
2638
2637
2635
2633
2632
2627
2620
2617
2615
2613
2606
2605
2604
2603
2602
2598
2597
2593
2588
2587
2586
2585
2581
2577
2573
2571
2568
2566
2563
2562
2561
2558
2554
2552
2551
2548
2547
2546
2535
2534
2524
2515
2514
2513
2507
2501
2496
2494
2486
2474
2469
825
774
763
758
748
743
738
731
727
721
717
705
704
699
696
693
691
690
680
676
672
670
664
662
661
658
654
653
652
647
645
639
635
634
631
630
629
622
621
620
619
618
616
615
612
609
608
605
595
594
587
585
565
561
560
557
556
548
526
517
506
496
490
67
53
43
41
40
37
36
34
32
31
29
28
27
26
25
24
23
22
21
20
19
18
17
16
15
14
13
12
11
10
9
8
7
6
5
4
3
2
1
0
-1
-2
-3
-4
-5
-6
-7
-8
-9
-10
-11
-12
-13
-14
-15
-16
-17
-18
-19
-21
-22
-24
-28
-32
-42
-149
-196
-220
-230
-247
-268
-307
-310
-325
-327
-329
-340
-342
-344
-353
-354
-361
-385
-389
-391
-416
-445
-456
-496
-576
