Timestamp: 1615492563.1541371
Nodes: 50
Edges: 49
0 4
1 2
2 5
3 4
4 4
5 2
6 5
7 3
8 3
9 4
10 1
11 4
12 4
13 3
14 1
15 1
16 4
17 2
18 2
19 5
20 1
21 5
22 5
23 4
24 1
25 4
26 2
27 4
28 2
29 1
30 4
31 2
32 2
33 4
34 4
35 5
36 5
37 3
38 4
39 1
40 2
41 1
42 3
43 4
44 2
45 1
46 3
47 2
48 2
49 1
0 19 1
1 19 1
2 3 0
2 41 1
3 36 3
4 40 0
4 14 1
5 31 0
5 30 0
5 19 4
6 45 0
7 18 1
7 28 0
7 48 2
7 39 1
8 32 2
8 19 0
9 46 2
10 42 2
10 38 2
11 38 3
11 49 0
12 31 1
13 37 2
14 16 2
14 33 4
14 27 3
15 25 1
15 30 4
17 39 1
17 26 2
19 39 1
20 23 2
20 24 0
21 22 5
21 47 0
21 25 1
23 41 0
24 34 2
24 45 1
24 33 4
26 29 0
26 40 1
27 38 2
35 39 1
37 46 1
37 43 1
43 44 1
43 45 0