
 Next test: 
[4,1]
[1,1]

  regular DP payoff: [[7, 7, 7, 7, 7, 7, 7, 7, 7, 8, 8, 8, 8, 8, 8, 8, 8, 8, 8, 8], [7, 8, 13, 13, 13, 13, 13, 13, 13, 15, 15, 15, 15, 15, 15, 15, 15, 15, 15, 15], [7, 8, 14, 14, 14, 14, 14, 14, 14, 21, 21, 21, 21, 21, 21, 21, 21, 21, 21, 21]]
 with seeds: [[[0], [0], [0], [0], [0], [0], [0], [0], [0], [7], [7], [7], [7], [7], [7], [7], [7], [7], [7], [7]], [[0], [0, 17], [0, 8], [0, 8], [0, 8], [0, 8], [0, 8], [0, 8], [0, 8], [0, 7], [0, 7], [0, 7], [0, 7], [0, 7], [0, 7], [0, 7], [0, 7], [0, 7], [0, 7], [0, 7]], [[0], [0, 17], [0, 17, 8], [0, 17, 8], [0, 17, 8], [0, 17, 8], [0, 17, 8], [0, 17, 8], [0, 17, 8], [0, 8, 7], [0, 8, 7], [0, 8, 7], [0, 8, 7], [0, 8, 7], [0, 8, 7], [0, 8, 7], [0, 8, 7], [0, 8, 7], [0, 8, 7], [0, 8, 7]]]
  regular DP payoff: [[5, 5, 5, 5, 5, 5, 5, 5, 5, 5, 5, 5, 5, 5, 5, 5, 5, 7, 7, 7], [5, 6, 7, 7, 8, 8, 8, 8, 9, 9, 9, 9, 9, 9, 9, 9, 9, 12, 12, 12], [5, 6, 9, 9, 10, 10, 10, 11, 12, 12, 12, 12, 12, 12, 12, 12, 12, 16, 16, 16]]
 with seeds: [[[3], [3], [3], [3], [3], [3], [3], [3], [3], [3], [3], [3], [3], [3], [3], [3], [3], [4], [4], [4]], [[3], [3, 14], [3, 6], [3, 6], [3, 7], [3, 7], [3, 7], [3, 2], [3, 13], [3, 13], [3, 13], [3, 13], [3, 13], [3, 13], [3, 13], [3, 13], [3, 13], [3, 4], [3, 4], [3, 4]], [[3], [3, 14], [3, 14, 6], [3, 14, 6], [3, 6, 7], [3, 6, 7], [3, 7, 0], [3, 7, 2], [3, 2, 13], [3, 2, 13], [3, 2, 13], [3, 13, 16], [3, 13, 16], [3, 13, 16], [3, 13, 16], [3, 13, 16], [3, 13, 16], [3, 13, 4], [3, 13, 4], [3, 13, 4]]]
  regular DP payoff: [[4, 4, 4, 4, 4, 9, 9, 9, 9, 9, 9, 9, 9, 9, 9, 9, 9, 9, 9, 9], [4, 7, 7, 7, 7, 13, 13, 13, 13, 13, 13, 13, 13, 15, 15, 15, 15, 15, 15, 17], [4, 7, 10, 10, 10, 16, 17, 17, 17, 17, 17, 17, 17, 19, 19, 19, 19, 19, 19, 23]]
 with seeds: [[[14], [14], [14], [14], [14], [8], [8], [8], [8], [8], [8], [8], [8], [8], [8], [8], [8], [8], [8], [8]], [[14], [14, 7], [14, 7], [14, 7], [14, 7], [14, 8], [8, 3], [8, 3], [8, 3], [8, 3], [8, 3], [8, 3], [8, 3], [8, 10], [8, 10], [8, 10], [8, 10], [8, 10], [8, 10], [8, 1]], [[14], [14, 7], [14, 7, 11], [14, 7, 11], [14, 7, 11], [14, 7, 8], [14, 8, 3], [14, 8, 3], [14, 8, 3], [14, 8, 3], [14, 8, 3], [14, 8, 3], [14, 8, 3], [8, 3, 10], [8, 3, 10], [8, 3, 10], [8, 3, 10], [8, 3, 10], [8, 3, 10], [8, 10, 1]]]
  regular DP payoff: [[2, 2, 2, 2, 2, 8, 8, 8, 8, 8, 8, 8, 8, 8, 8, 8, 8, 8, 8, 8], [2, 2, 2, 3, 3, 10, 10, 10, 10, 10, 11, 11, 11, 13, 13, 13, 13, 13, 14, 14], [2, 2, 2, 3, 3, 11, 11, 11, 11, 11, 13, 13, 13, 16, 16, 16, 16, 16, 19, 19]]
 with seeds: [[[6], [6], [6], [6], [6], [11], [11], [11], [11], [11], [11], [11], [11], [11], [11], [11], [11], [11], [11], [11]], [[6], [6, 3], [6, 9], [6, 14], [6, 14], [6, 11], [6, 11], [6, 11], [6, 11], [6, 11], [11, 7], [11, 7], [11, 7], [11, 17], [11, 17], [11, 17], [11, 17], [11, 17], [11, 19], [11, 19]], [[6], [6, 3], [6, 3, 9], [6, 9, 14], [6, 14, 12], [6, 14, 11], [6, 14, 11], [6, 14, 11], [6, 14, 11], [6, 14, 11], [6, 11, 7], [6, 11, 7], [6, 11, 7], [11, 7, 17], [11, 17, 15], [11, 17, 15], [11, 17, 15], [11, 17, 15], [11, 17, 19], [11, 17, 19]]]
  regular DP payoff: [[1, 1, 1, 4, 4, 4, 4, 4, 4, 4, 4, 4, 4, 4, 4, 4, 4, 4, 4, 4], [1, 1, 1, 5, 7, 7, 8, 8, 8, 8, 8, 8, 8, 8, 8, 8, 8, 8, 8, 8], [1, 1, 1, 5, 8, 8, 11, 11, 11, 11, 11, 11, 11, 11, 11, 12, 12, 12, 12, 12]]
 with seeds: [[[13], [13], [13], [3], [3], [3], [3], [3], [3], [3], [3], [3], [3], [3], [3], [3], [3], [3], [3], [3]], [[13], [13, 10], [13, 12], [13, 3], [3, 4], [3, 4], [3, 2], [3, 2], [3, 2], [3, 2], [3, 2], [3, 2], [3, 2], [3, 2], [3, 2], [3, 19], [3, 19], [3, 19], [3, 19], [3, 19]], [[13], [13, 10], [13, 10, 12], [13, 12, 3], [13, 3, 4], [13, 3, 4], [3, 4, 2], [3, 4, 2], [3, 4, 2], [3, 4, 2], [3, 4, 2], [3, 4, 2], [3, 4, 2], [3, 4, 2], [3, 4, 2], [3, 2, 19], [3, 2, 19], [3, 2, 19], [3, 2, 19], [3, 2, 19]]]
  regular DP payoff: [[6, 6, 6, 6, 10, 10, 10, 10, 10, 10, 10, 10, 10, 10, 10, 10, 10, 10, 10, 10], [6, 9, 12, 12, 16, 16, 16, 16, 16, 16, 16, 19, 19, 19, 19, 19, 19, 19, 19, 19], [6, 9, 15, 15, 22, 22, 22, 22, 22, 22, 22, 25, 25, 25, 25, 25, 25, 25, 25, 25]]
 with seeds: [[[0], [0], [0], [0], [17], [17], [17], [17], [17], [17], [17], [17], [17], [17], [17], [17], [17], [17], [17], [17]], [[0], [0, 4], [0, 9], [0, 9], [0, 17], [0, 17], [0, 17], [0, 17], [17, 7], [17, 7], [17, 7], [17, 12], [17, 12], [17, 12], [17, 12], [17, 12], [17, 12], [17, 12], [17, 12], [17, 12]], [[0], [0, 4], [0, 4, 9], [0, 4, 9], [0, 9, 17], [0, 9, 17], [0, 9, 17], [0, 9, 17], [0, 17, 7], [0, 17, 7], [0, 17, 7], [17, 7, 12], [17, 7, 12], [17, 7, 12], [17, 7, 12], [17, 7, 12], [17, 7, 12], [17, 7, 12], [17, 7, 12], [17, 7, 12]]]
  regular DP payoff: [[5, 5, 8, 8, 8, 8, 8, 8, 8, 8, 8, 8, 8, 8, 8, 8, 8, 8, 8, 8], [5, 6, 13, 13, 13, 13, 13, 13, 13, 13, 15, 15, 15, 15, 15, 15, 15, 15, 15, 15], [5, 6, 14, 14, 15, 15, 15, 15, 17, 17, 20, 21, 21, 21, 21, 21, 21, 21, 21, 21]]
 with seeds: [[[5], [5], [2], [2], [2], [2], [2], [2], [2], [2], [2], [2], [2], [2], [2], [2], [2], [2], [2], [2]], [[5], [5, 11], [5, 2], [5, 2], [5, 2], [5, 2], [5, 2], [5, 2], [5, 2], [5, 2], [2, 0], [2, 0], [2, 0], [2, 0], [2, 0], [2, 0], [2, 0], [2, 0], [2, 0], [2, 0]], [[5], [5, 11], [5, 11, 2], [5, 11, 2], [5, 2, 15], [5, 2, 15], [5, 2, 15], [5, 2, 15], [5, 2, 10], [5, 2, 10], [5, 2, 0], [2, 0, 13], [2, 0, 4], [2, 0, 4], [2, 0, 4], [2, 0, 4], [2, 0, 4], [2, 0, 4], [2, 0, 4], [2, 0, 4]]]
  regular DP payoff: [[-1, 1, 3, 3, 3, 3, 3, 3, 3, 3, 3, 3, 3, 3, 3, 3, 3, 3, 3, 3], [-1, 1, 4, 6, 6, 6, 6, 6, 6, 6, 6, 6, 6, 6, 6, 6, 6, 6, 6, 6], [-1, 1, 4, 7, 7, 7, 7, 7, 7, 7, 8, 9, 9, 9, 9, 9, 9, 9, 9, 9]]
 with seeds: [[[0], [2], [10], [10], [10], [10], [10], [10], [10], [10], [10], [10], [10], [10], [10], [10], [10], [10], [10], [10]], [[0], [2], [2, 10], [10, 12], [10, 12], [10, 12], [10, 12], [10, 12], [10, 12], [10, 12], [10, 12], [10, 16], [10, 16], [10, 9], [10, 9], [10, 9], [10, 9], [10, 9], [10, 9], [10, 9]], [[0], [2], [2, 10], [2, 10, 12], [2, 10, 12], [10, 12, 17], [10, 12, 5], [10, 12, 5], [10, 12, 5], [10, 12, 5], [10, 12, 18], [10, 12, 16], [10, 12, 16], [10, 16, 9], [10, 16, 9], [10, 16, 9], [10, 16, 9], [10, 16, 9], [10, 16, 9], [10, 16, 9]]]
  regular DP payoff: [[8, 8, 8, 8, 10, 10, 10, 10, 10, 10, 10, 10, 10, 10, 10, 10, 10, 10, 10, 10], [8, 9, 10, 10, 18, 18, 18, 18, 18, 18, 18, 18, 18, 18, 19, 19, 19, 19, 19, 19], [8, 9, 17, 17, 20, 20, 20, 20, 24, 26, 26, 26, 26, 26, 27, 27, 27, 27, 27, 27]]
 with seeds: [[[10], [10], [10], [10], [9], [9], [9], [9], [9], [9], [9], [9], [9], [9], [9], [9], [9], [9], [9], [9]], [[10], [10, 3], [10, 16], [10, 16], [10, 9], [10, 9], [10, 9], [10, 9], [10, 9], [9, 11], [9, 11], [9, 11], [9, 11], [9, 11], [9, 19], [9, 19], [9, 19], [9, 19], [9, 19], [9, 19]], [[10], [10, 3], [10, 3, 16], [10, 3, 16], [10, 16, 9], [10, 16, 9], [10, 9, 14], [10, 9, 14], [10, 9, 5], [10, 9, 11], [10, 9, 11], [10, 9, 11], [10, 9, 11], [10, 9, 11], [9, 11, 19], [9, 11, 19], [9, 11, 19], [9, 11, 19], [9, 11, 19], [9, 11, 19]]]
  regular DP payoff: [[-2, -2, 2, 4, 4, 5, 5, 6, 6, 6, 6, 6, 6, 6, 6, 6, 6, 6, 6, 6], [-2, -1, 2, 8, 8, 9, 9, 11, 11, 11, 11, 11, 11, 11, 11, 11, 11, 11, 11, 11], [-2, -1, 2, 8, 12, 13, 13, 15, 15, 15, 15, 15, 15, 15, 15, 15, 15, 15, 15, 15]]
 with seeds: [[[6], [6], [11], [9], [9], [18], [18], [10], [10], [10], [10], [10], [10], [10], [10], [10], [10], [10], [10], [10]], [[6], [6, 17], [11], [11, 9], [9, 13], [9, 18], [9, 18], [18, 10], [18, 10], [18, 10], [18, 10], [18, 10], [18, 10], [18, 10], [18, 10], [18, 10], [18, 10], [18, 10], [18, 10], [18, 10]], [[6], [6, 17], [11], [11, 9], [11, 9, 13], [9, 13, 18], [9, 13, 18], [9, 18, 10], [9, 18, 10], [9, 18, 10], [9, 18, 10], [9, 18, 10], [9, 18, 10], [9, 18, 10], [9, 18, 10], [9, 18, 10], [9, 18, 10], [9, 18, 10], [9, 18, 10], [9, 18, 10]]]
  regular DP payoff: [[7, 7, 7, 7, 7, 7, 7, 7, 7, 9, 9, 9, 9, 9, 9, 9, 9, 9, 9, 10], [7, 7, 9, 9, 9, 9, 9, 9, 9, 16, 16, 16, 16, 16, 16, 16, 16, 16, 16, 19], [7, 7, 12, 12, 12, 12, 12, 12, 12, 18, 18, 20, 20, 20, 20, 20, 20, 20, 21, 26]]
 with seeds: [[[2], [2], [2], [2], [2], [2], [2], [2], [2], [3], [3], [3], [3], [3], [3], [3], [3], [3], [3], [1]], [[2], [2, 0], [2, 13], [2, 13], [2, 13], [2, 13], [2, 13], [2, 13], [2, 13], [2, 3], [2, 3], [2, 3], [2, 3], [2, 3], [2, 3], [2, 3], [2, 3], [2, 3], [2, 3], [3, 1]], [[2], [2, 0], [2, 0, 13], [2, 0, 13], [2, 0, 13], [2, 0, 13], [2, 0, 13], [2, 0, 13], [2, 0, 13], [2, 13, 3], [2, 13, 3], [2, 3, 11], [2, 3, 11], [2, 3, 11], [2, 3, 11], [2, 3, 11], [2, 3, 11], [2, 3, 11], [2, 3, 5], [2, 3, 1]]]
  regular DP payoff: [[3, 4, 4, 4, 4, 4, 4, 4, 4, 4, 4, 4, 4, 4, 4, 4, 4, 4, 4, 4], [3, 7, 10, 10, 10, 10, 10, 10, 10, 10, 10, 10, 10, 10, 10, 10, 10, 10, 10, 10], [3, 7, 13, 13, 13, 13, 13, 13, 13, 13, 13, 13, 13, 13, 13, 13, 13, 13, 13, 13]]
 with seeds: [[[11], [5], [5], [5], [5], [5], [5], [5], [5], [5], [5], [5], [5], [5], [5], [5], [5], [5], [5], [5]], [[11], [11, 5], [5, 15], [5, 15], [5, 15], [5, 15], [5, 15], [5, 15], [5, 15], [5, 15], [5, 15], [5, 15], [5, 15], [5, 15], [5, 15], [5, 15], [5, 15], [5, 15], [5, 15], [5, 15]], [[11], [11, 5], [11, 5, 15], [11, 5, 15], [5, 15, 16], [5, 15, 16], [5, 15, 16], [5, 15, 16], [5, 15, 16], [5, 15, 16], [5, 15, 16], [5, 15, 16], [5, 15, 16], [5, 15, 16], [5, 15, 16], [5, 15, 16], [5, 15, 16], [5, 15, 16], [5, 15, 16], [5, 15, 16]]]
  regular DP payoff: [[2, 3, 3, 5, 5, 5, 5, 5, 5, 5, 5, 9, 9, 9, 9, 9, 9, 9, 9, 9], [2, 5, 8, 8, 8, 8, 10, 10, 10, 10, 10, 14, 14, 14, 14, 14, 14, 14, 14, 14], [2, 5, 10, 13, 13, 13, 13, 13, 13, 13, 13, 19, 19, 19, 19, 19, 19, 19, 19, 19]]
 with seeds: [[[13], [16], [16], [4], [4], [4], [4], [4], [4], [4], [4], [6], [6], [6], [6], [6], [6], [6], [6], [6]], [[13], [13, 16], [16, 3], [16, 4], [16, 4], [16, 4], [4, 14], [4, 14], [4, 14], [4, 14], [4, 14], [4, 6], [4, 6], [4, 6], [4, 6], [4, 6], [4, 6], [4, 6], [4, 6], [4, 6]], [[13], [13, 16], [13, 16, 3], [16, 3, 4], [16, 3, 4], [16, 3, 4], [16, 4, 14], [16, 4, 14], [16, 4, 14], [16, 4, 14], [16, 4, 14], [4, 14, 6], [4, 14, 6], [4, 14, 6], [4, 14, 6], [4, 14, 6], [4, 14, 6], [4, 14, 6], [4, 14, 6], [4, 14, 6]]]cluster dictionary:{0: {0}, 1: {1}, 2: {10, 4, 14, 15}, 3: {16, 17, 13, 5}, 4: {19, 6}, 5: {18, 7}, 6: {12}}
rej node dictionary: {0: {9}, 1: {2}, 2: {11}, 3: {9}, 4: {8}, 5: {8, 2, 3}, 6: {2}}
edge data:[(0, 3, {'weight': 1, 'data': {9}}), (0, 1, {'weight': 0}), (0, 2, {'weight': 0}), (1, 5, {'weight': 1, 'data': {2}}), (1, 6, {'weight': 1, 'data': {2}}), (4, 5, {'weight': 1, 'data': {8}}), (5, 6, {'weight': 1, 'data': {2}})]
node data:[(0, {'weight': 1}), (1, {'weight': 1}), (2, {'weight': 3}), (3, {'weight': 4}), (4, {'weight': 2}), (5, {'weight': 1}), (6, {'weight': 1})]

  regular DP payoff: [[1, 1, 1, 3, 3, 3, 3], [1, 1, 1, 4, 6, 6, 6], [1, 1, 1, 4, 7, 7, 7]]
 with seeds: [[[4], [4], [4], [3], [3], [3], [3]], [[4], [4, 5], [4, 6], [4, 3], [3, 2], [3, 2], [3, 2]], [[4], [4, 5], [4, 5, 6], [4, 6, 3], [4, 3, 2], [3, 2, 0], [3, 2, 0]]]cluster dictionary:{0: {0, 1, 2, 4, 5, 6, 7, 8, 9, 11, 12, 14, 15, 16, 19}, 1: {18}}
rej node dictionary: {0: {17, 10, 3, 13}, 1: {3}}
edge data:[(0, 1, {'weight': 1, 'data': {3}})]
node data:[(0, {'weight': 12}), (1, {'weight': 1})]

  regular DP payoff: [[11, 11], [11, 12], [11, 12]]
 with seeds: [[[0], [0]], [[0], [0, 1]], [[0], [0, 1]]]cluster dictionary:{0: {0, 1, 2, 3, 4, 5, 7, 9, 10, 14, 18, 19}, 1: {16}, 2: {17}}
rej node dictionary: {0: {12, 13, 6, 15}, 1: {11}, 2: {11}}
edge data:[(0, 1, {'weight': 0}), (1, 2, {'weight': 1, 'data': {11}})]
node data:[(0, {'weight': 8}), (1, {'weight': 1}), (2, {'weight': 1})]

  regular DP payoff: [[0, 8, 8], [0, 8, 8], [0, 8, 9]]
 with seeds: [[[2], [0], [0]], [[2], [2, 0], [0, 1]], [[2], [2, 0], [2, 0, 1]]]cluster dictionary:{0: {2}, 1: {3, 4, 6, 15}, 2: {7, 9, 12, 14, 19}, 3: {17, 10, 18, 13}}
rej node dictionary: {0: {5}, 1: {11, 5}, 2: {0}, 3: {1}}
edge data:[(0, 1, {'weight': 1, 'data': {5}}), (0, 2, {'weight': 0}), (0, 3, {'weight': 0})]
node data:[(0, {'weight': 1}), (1, {'weight': 3}), (2, {'weight': 4}), (3, {'weight': 3})]

  regular DP payoff: [[4, 4, 4, 4], [4, 7, 7, 7], [4, 7, 7, 9]]
 with seeds: [[[2], [2], [2], [2]], [[2], [2, 3], [2, 3], [2, 3]], [[2], [2, 3], [2, 3, 0], [2, 3, 1]]]cluster dictionary:{0: {0, 3, 5, 6, 7, 8, 9, 11, 13, 14, 15, 16, 17, 18, 19}, 1: {1, 4}}
rej node dictionary: {0: {10, 2, 12}, 1: {2}}
edge data:[(0, 1, {'weight': 1, 'data': {2}})]
node data:[(0, {'weight': 13}), (1, {'weight': 2})]

  regular DP payoff: [[12, 12], [12, 14], [12, 14]]
 with seeds: [[[0], [0]], [[0], [0, 1]], [[0], [0, 1]]]cluster dictionary:{0: {0, 10}, 1: {2}, 2: {3}, 3: {4}, 4: {8}, 5: {9}, 6: {12}, 7: {17, 18, 19}}
rej node dictionary: {0: {1}, 1: {11, 5}, 2: {6, 14}, 3: {13}, 4: {5}, 5: {13}, 6: {11, 14}, 7: {16, 14, 15}}
edge data:[(0, 1, {'weight': 0}), (0, 3, {'weight': 0}), (1, 4, {'weight': 1, 'data': {5}}), (1, 6, {'weight': 1, 'data': {11}}), (2, 6, {'weight': 1, 'data': {14}}), (2, 7, {'weight': 1, 'data': {14}}), (3, 5, {'weight': 1, 'data': {13}}), (6, 7, {'weight': 1, 'data': {14}})]
node data:[(0, {'weight': 1}), (1, {'weight': 1}), (2, {'weight': 0}), (3, {'weight': 1}), (4, {'weight': 1}), (5, {'weight': 1}), (6, {'weight': 1}), (7, {'weight': 1})]

  regular DP payoff: [[0, 0, 0, 0, 0, 0, 1, 1], [0, 0, 0, 0, 0, 0, 1, 1], [0, 0, 0, 0, 0, 1, 1, 1]]
 with seeds: [[[4], [4], [4], [4], [4], [4], [0], [0]], [[4], [4, 2], [4, 7], [4, 6], [4, 5], [4, 3], [4, 0], [0, 1]], [[4], [4, 2], [4, 2, 7], [4, 7, 6], [4, 6, 5], [4, 5, 3], [4, 3, 0], [4, 0, 1]]]cluster dictionary:{0: {0, 1, 2, 3, 5, 10, 12, 16, 19}, 1: {11, 13}, 2: {15}, 3: {18}}
rej node dictionary: {0: {9, 4, 14, 7}, 1: {7}, 2: {17}, 3: {9}}
edge data:[(0, 1, {'weight': 1, 'data': {7}}), (0, 3, {'weight': 1, 'data': {9}}), (0, 2, {'weight': 0})]
node data:[(0, {'weight': 7}), (1, {'weight': 2}), (2, {'weight': 0}), (3, {'weight': 1})]

  regular DP payoff: [[0, 0, 5, 5], [0, 0, 6, 7], [0, 0, 6, 8]]
 with seeds: [[[3], [3], [0], [0]], [[3], [3, 2], [3, 0], [0, 1]], [[3], [3, 2], [3, 2, 0], [3, 0, 1]]]cluster dictionary:{0: {0, 4, 6, 7, 10, 11, 12}, 1: {2, 5, 8, 14, 15, 19}}
rej node dictionary: {0: {1, 3, 9}, 1: {16, 18, 3, 13}}
edge data:[(0, 1, {'weight': 1, 'data': {3}})]
node data:[(0, {'weight': 5}), (1, {'weight': 3})]

  regular DP payoff: [[4, 4], [4, 7], [4, 7]]
 with seeds: [[[0], [0]], [[0], [0, 1]], [[0], [0, 1]]]cluster dictionary:{0: {0, 17}, 1: {1}, 2: {2, 4, 13, 7}, 3: {5}, 4: {8, 9, 10, 14, 19}}
rej node dictionary: {0: {16, 6, 15}, 1: {3}, 2: {11, 18, 3}, 3: {11}, 4: {18, 12, 15}}
edge data:[(0, 4, {'weight': 1, 'data': {15}}), (1, 2, {'weight': 1, 'data': {3}}), (2, 3, {'weight': 1, 'data': {11}}), (2, 4, {'weight': 1, 'data': {18}})]
node data:[(0, {'weight': 0}), (1, {'weight': 1}), (2, {'weight': 4}), (3, {'weight': 1}), (4, {'weight': 4})]

  regular DP payoff: [[0, 0, 2, 2, 2], [0, 0, 2, 4, 4], [0, 0, 3, 5, 5]]
 with seeds: [[[3], [3], [4], [4], [4]], [[3], [3, 0], [3, 4], [4, 2], [4, 2]], [[3], [3, 0], [3, 0, 4], [3, 4, 2], [4, 2, 1]]]cluster dictionary:{0: {0, 3, 9, 10, 11, 13, 14, 15, 19}, 1: {1}, 2: {16, 6}, 3: {7}, 4: {17}}
rej node dictionary: {0: {2, 5}, 1: {4}, 2: {12, 4}, 3: {12}, 4: {8, 18}}
edge data:[(0, 1, {'weight': 0}), (0, 4, {'weight': 0}), (1, 2, {'weight': 1, 'data': {4}}), (2, 3, {'weight': 1, 'data': {12}})]
node data:[(0, {'weight': 7}), (1, {'weight': 1}), (2, {'weight': 2}), (3, {'weight': 1}), (4, {'weight': -1})]

  regular DP payoff: [[0, 0, 0, 7, 7], [0, 1, 1, 7, 7], [0, 1, 1, 8, 8]]
 with seeds: [[[3], [3], [3], [0], [0]], [[3], [3, 2], [3, 2], [3, 0], [0, 1]], [[3], [3, 2], [3, 2, 4], [3, 2, 0], [3, 2, 0]]]cluster dictionary:{0: {0, 5}, 1: {3, 9, 10, 13, 14}, 2: {8, 4}, 3: {11}, 4: {17, 12}, 5: {19}}
rej node dictionary: {0: {2, 18}, 1: {1}, 2: {15}, 3: {16, 1}, 4: {2, 6}, 5: {7}}
edge data:[(0, 4, {'weight': 1, 'data': {2}}), (0, 1, {'weight': 0}), (0, 2, {'weight': 0}), (0, 5, {'weight': 0}), (1, 3, {'weight': 1, 'data': {1}})]
node data:[(0, {'weight': 1}), (1, {'weight': 5}), (2, {'weight': 1}), (3, {'weight': 0}), (4, {'weight': 1}), (5, {'weight': 0})]

  regular DP payoff: [[-1, 0, 1, 1, 1, 4], [-1, 0, 1, 1, 1, 5], [-1, 0, 1, 1, 1, 5]]
 with seeds: [[[3], [4], [2], [2], [2], [1]], [[3], [4], [4, 2], [2, 5], [2, 0], [2, 1]], [[3], [4], [4, 2], [4, 2, 5], [2, 5, 0], [2, 0, 1]]]cluster dictionary:{0: {0}, 1: {1, 3, 7, 9, 14, 16}, 2: {4, 5, 6, 12, 13, 15, 17}}
rej node dictionary: {0: {2}, 1: {2, 19}, 2: {18, 10}}
edge data:[(0, 1, {'weight': 1, 'data': {2}}), (0, 2, {'weight': 0})]
node data:[(0, {'weight': 1}), (1, {'weight': 5}), (2, {'weight': 5})]

  regular DP payoff: [[5, 5, 5], [5, 5, 9], [5, 5, 10]]
 with seeds: [[[2], [2], [2]], [[2], [2, 0], [2, 1]], [[2], [2, 0], [2, 0, 1]]]cluster dictionary:{0: {1}, 1: {2, 13, 15, 17, 23, 29}, 2: {8, 3}, 3: {4}, 4: {9, 12, 22}, 5: {10, 18, 20}, 6: {16}, 7: {26, 21}, 8: {27}}
rej node dictionary: {0: {6}, 1: {25, 5, 14}, 2: {25}, 3: {5}, 4: {11, 7}, 5: {11, 19, 6, 14}, 6: {5}, 7: {5}, 8: {6}}
edge data:[(0, 5, {'weight': 1, 'data': {6}}), (0, 8, {'weight': 1, 'data': {6}}), (1, 2, {'weight': 1, 'data': {25}}), (1, 3, {'weight': 1, 'data': {5}}), (1, 5, {'weight': 1, 'data': {14}}), (1, 6, {'weight': 1, 'data': {5}}), (1, 7, {'weight': 1, 'data': {5}}), (3, 6, {'weight': 1, 'data': {5}}), (3, 7, {'weight': 1, 'data': {5}}), (4, 5, {'weight': 1, 'data': {11}}), (5, 8, {'weight': 1, 'data': {6}}), (6, 7, {'weight': 1, 'data': {5}})]
node data:[(0, {'weight': 1}), (1, {'weight': 6}), (2, {'weight': 2}), (3, {'weight': 1}), (4, {'weight': 2}), (5, {'weight': 2}), (6, {'weight': 1}), (7, {'weight': 2}), (8, {'weight': 1})]

  regular DP payoff: [[1, 1, 1, 1, 1, 1, 1, 1, 1], [1, 1, 1, 2, 2, 2, 2, 2, 3], [1, 1, 1, 2, 2, 2, 2, 2, 4]]
 with seeds: [[[2], [2], [2], [2], [2], [2], [2], [2], [2]], [[2], [2, 3], [2, 0], [2, 4], [2, 4], [2, 4], [2, 4], [2, 4], [2, 1]], [[2], [2, 3], [2, 3, 0], [2, 0, 4], [2, 4, 8], [2, 4, 5], [2, 4, 6], [2, 4, 7], [2, 4, 1]]]cluster dictionary:{0: {0, 2, 3, 4, 7, 9, 11, 12, 13, 15, 18, 19, 20, 21, 22, 23, 25, 26, 27, 28, 29}, 1: {1, 8, 14, 16, 17, 24}}
rej node dictionary: {0: {10, 5, 6}, 1: {6}}
edge data:[(0, 1, {'weight': 1, 'data': {6}})]
node data:[(0, {'weight': 19}), (1, {'weight': 6})]

  regular DP payoff: [[18, 18], [18, 24], [18, 24]]
 with seeds: [[[0], [0]], [[0], [0, 1]], [[0], [0, 1]]]cluster dictionary:{0: {0, 1, 14, 25, 28}, 1: {2, 3, 5, 6, 7, 8, 9, 10, 12, 16, 18, 20, 21, 24, 27, 29}, 2: {17, 11, 15}}
rej node dictionary: {0: {4, 13}, 1: {26, 19, 22, 23}, 2: {26, 4}}
edge data:[(0, 2, {'weight': 1, 'data': {4}}), (1, 2, {'weight': 1, 'data': {26}})]
node data:[(0, {'weight': 4}), (1, {'weight': 13}), (2, {'weight': 3})]

  regular DP payoff: [[3, 3, 12], [3, 5, 15], [3, 5, 18]]
 with seeds: [[[0], [0], [1]], [[0], [0, 2], [0, 1]], [[0], [0, 2], [0, 2, 1]]]cluster dictionary:{0: {0, 9, 6, 8}, 1: {1}, 2: {4}, 3: {5}, 4: {7, 10, 15, 18, 20, 21, 22, 23, 24, 27}, 5: {17, 11}}
rej node dictionary: {0: {19}, 1: {16, 25}, 2: {26}, 3: {3}, 4: {3, 12, 13, 14, 26}, 5: {25}}
edge data:[(0, 1, {'weight': 0}), (0, 2, {'weight': 0}), (1, 5, {'weight': 1, 'data': {25}}), (2, 4, {'weight': 1, 'data': {26}}), (3, 4, {'weight': 1, 'data': {3}})]
node data:[(0, {'weight': 3}), (1, {'weight': 0}), (2, {'weight': 1}), (3, {'weight': 1}), (4, {'weight': 7}), (5, {'weight': 2})]

  regular DP payoff: [[1, 1, 5, 5, 5, 5], [1, 1, 6, 6, 8, 8], [1, 1, 7, 7, 9, 9]]
 with seeds: [[[5], [5], [4], [4], [4], [4]], [[5], [5, 3], [5, 4], [4, 2], [4, 0], [4, 0]], [[5], [5, 3], [5, 3, 4], [5, 4, 2], [4, 2, 0], [4, 2, 0]]]cluster dictionary:{0: {0, 22}, 1: {3, 4, 8, 10, 14, 20, 27}, 2: {29, 6}, 3: {12}, 4: {17}, 5: {19}, 6: {25}, 7: {28}}
rej node dictionary: {0: {5, 7}, 1: {1, 11, 23, 24, 26}, 2: {15, 7}, 3: {18}, 4: {1, 13}, 5: {26}, 6: {1}, 7: {1}}
edge data:[(0, 2, {'weight': 1, 'data': {7}}), (0, 1, {'weight': 0}), (0, 3, {'weight': 0}), (1, 4, {'weight': 1, 'data': {1}}), (1, 5, {'weight': 1, 'data': {26}}), (1, 6, {'weight': 1, 'data': {1}}), (1, 7, {'weight': 1, 'data': {1}}), (4, 6, {'weight': 1, 'data': {1}}), (4, 7, {'weight': 1, 'data': {1}}), (6, 7, {'weight': 1, 'data': {1}})]
node data:[(0, {'weight': 1}), (1, {'weight': 4}), (2, {'weight': 1}), (3, {'weight': 0}), (4, {'weight': 0}), (5, {'weight': 1}), (6, {'weight': 1}), (7, {'weight': 1})]

  regular DP payoff: [[-3, 0, 0, 0, 0, 0, 0, 0], [-3, 0, 0, 0, 0, 0, 0, 1], [-3, 0, 0, 0, 0, 0, 0, 1]]
 with seeds: [[[4], [5], [5], [5], [5], [5], [5], [5]], [[4], [5], [5, 6], [5, 7], [5, 2], [5, 3], [5, 0], [5, 1]], [[4], [5], [5, 6], [5, 6, 7], [5, 7, 2], [5, 2, 3], [5, 3, 0], [5, 0, 1]]]