o
crit 0.7
# Timestamp: 2021-03-31 19:14:38.813953
# Nodes: 50
# Edges: 49
0.9909803528999467
0.8410170230699867
0.27561849940203154
0.6367079809431926
0.7876850136110837
0.21847601647508896
0.437579971961385
0.6929432187909174
0.8524988813863296
0.01764697115743452
0.17429033522331416
0.4309960787095435
0.8637695185256219
0.2612456869533817
0.06071681872499013
0.2296831293865489
0.5023740542456878
0.6444086731042342
0.37460069182803946
0.5238244109617296
0.9128177221056359
0.8049988933127354
0.07336748227862278
0.21034212615997916
0.309212264722571
0.032203337497180184
0.7583045856490098
0.8896080398797375
0.2749854551078774
0.12391308806188284
0.2675219628754807
0.12664928590489422
0.10459844940580465
0.20457985587523053
0.8300263425462554
0.2944134631619614
0.9636052742443505
0.4751179846166894
0.14298623989623582
0.23436796051286346
0.9147524188333174
0.3272178838766643
0.9316094311888982
0.5225957297751389
0.09056185534411654
0.14937223014825085
0.645981899688604
0.042361214475337805
0.05205337723743397
0.5186079978778704
0 24
1 33
1 43
1 9
2 3
2 44
3 37
3 11
4 10
4 27
5 16
6 32
7 14
7 29
7 42
7 35
8 32
9 32
9 41
11 13
11 47
12 48
12 30
15 34
15 46
15 49
16 24
17 21
17 28
17 27
18 25
18 31
18 33
19 26
20 35
20 30
20 32
22 36
23 33
24 25
26 27
26 40
32 40
35 44
36 48
38 46
39 47
41 46
42 45